AS             ,convergence_time
1              ,249            
2              ,224            
3              ,212            
4              ,192            
5              ,189            
6              ,184            
7              ,160            
8              ,150            
9              ,144            
10             ,108            
11             ,104            
12             ,95             
13             ,83             
14             ,66             
15             ,38             
16             ,27             
17             ,22             



time           ,converged_ASes ,non_converged_ASes,total_nodes    
-10            ,17             ,0              ,17             
-9             ,17             ,0              ,17             
-8             ,17             ,0              ,17             
-7             ,17             ,0              ,17             
-6             ,17             ,0              ,17             
-5             ,17             ,0              ,17             
-4             ,17             ,0              ,17             
-3             ,17             ,0              ,17             
-2             ,17             ,0              ,17             
-1             ,17             ,0              ,17             
0              ,0.0            ,17.0           ,17             
1              ,0.0            ,17.0           ,17             
2              ,0.0            ,17.0           ,17             
3              ,0.0            ,17.0           ,17             
4              ,0.0            ,17.0           ,17             
5              ,0.0            ,17.0           ,17             
6              ,0.0            ,17.0           ,17             
7              ,0.0            ,17.0           ,17             
8              ,0.0            ,17.0           ,17             
9              ,0.0            ,17.0           ,17             
10             ,0.0            ,17.0           ,17             
11             ,0.0            ,17.0           ,17             
12             ,0.0            ,17.0           ,17             
13             ,0.0            ,17.0           ,17             
14             ,0.0            ,17.0           ,17             
15             ,0.0            ,17.0           ,17             
16             ,0.0            ,17.0           ,17             
17             ,0.0            ,17.0           ,17             
18             ,0.0            ,17.0           ,17             
19             ,0.0            ,17.0           ,17             
20             ,0.0            ,17.0           ,17             
21             ,0.5            ,16.5           ,17             
22             ,1.0            ,16.0           ,17             
23             ,1.0            ,16.0           ,17             
24             ,1.0            ,16.0           ,17             
25             ,1.0            ,16.0           ,17             
26             ,1.7            ,15.3           ,17             
27             ,2.0            ,15.0           ,17             
28             ,2.0            ,15.0           ,17             
29             ,2.0            ,15.0           ,17             
30             ,2.0            ,15.0           ,17             
31             ,2.0            ,15.0           ,17             
32             ,2.0            ,15.0           ,17             
33             ,2.0            ,15.0           ,17             
34             ,2.0            ,15.0           ,17             
35             ,2.0            ,15.0           ,17             
36             ,2.0            ,15.0           ,17             
37             ,2.9            ,14.1           ,17             
38             ,3.0            ,14.0           ,17             
39             ,3.0            ,14.0           ,17             
40             ,3.0            ,14.0           ,17             
41             ,3.0            ,14.0           ,17             
42             ,3.0            ,14.0           ,17             
43             ,3.0            ,14.0           ,17             
44             ,3.0            ,14.0           ,17             
45             ,3.0            ,14.0           ,17             
46             ,3.0            ,14.0           ,17             
47             ,3.0            ,14.0           ,17             
48             ,3.0            ,14.0           ,17             
49             ,3.0            ,14.0           ,17             
50             ,3.0            ,14.0           ,17             
51             ,3.0            ,14.0           ,17             
52             ,3.0            ,14.0           ,17             
53             ,3.0            ,14.0           ,17             
54             ,3.0            ,14.0           ,17             
55             ,3.0            ,14.0           ,17             
56             ,3.0            ,14.0           ,17             
57             ,3.0            ,14.0           ,17             
58             ,3.0            ,14.0           ,17             
59             ,3.0            ,14.0           ,17             
60             ,3.0            ,14.0           ,17             
61             ,3.0            ,14.0           ,17             
62             ,3.0            ,14.0           ,17             
63             ,3.0            ,14.0           ,17             
64             ,3.0            ,14.0           ,17             
65             ,3.9            ,13.1           ,17             
66             ,4.0            ,13.0           ,17             
67             ,4.0            ,13.0           ,17             
68             ,4.0            ,13.0           ,17             
69             ,4.0            ,13.0           ,17             
70             ,4.0            ,13.0           ,17             
71             ,4.0            ,13.0           ,17             
72             ,4.0            ,13.0           ,17             
73             ,4.0            ,13.0           ,17             
74             ,4.0            ,13.0           ,17             
75             ,4.0            ,13.0           ,17             
76             ,4.0            ,13.0           ,17             
77             ,4.0            ,13.0           ,17             
78             ,4.0            ,13.0           ,17             
79             ,4.0            ,13.0           ,17             
80             ,4.0            ,13.0           ,17             
81             ,4.3            ,12.7           ,17             
82             ,4.9            ,12.1           ,17             
83             ,5.0            ,12.0           ,17             
84             ,5.0            ,12.0           ,17             
85             ,5.0            ,12.0           ,17             
86             ,5.0            ,12.0           ,17             
87             ,5.0            ,12.0           ,17             
88             ,5.0            ,12.0           ,17             
89             ,5.0            ,12.0           ,17             
90             ,5.0            ,12.0           ,17             
91             ,5.0            ,12.0           ,17             
92             ,5.0            ,12.0           ,17             
93             ,5.0            ,12.0           ,17             
94             ,5.7            ,11.3           ,17             
95             ,6.0            ,11.0           ,17             
96             ,6.0            ,11.0           ,17             
97             ,6.0            ,11.0           ,17             
98             ,6.0            ,11.0           ,17             
99             ,6.0            ,11.0           ,17             
100            ,6.0            ,11.0           ,17             
101            ,6.0            ,11.0           ,17             
102            ,6.8            ,10.2           ,17             
103            ,6.9            ,10.1           ,17             
104            ,7.0            ,10.0           ,17             
105            ,7.4            ,9.6            ,17             
106            ,7.9            ,9.1            ,17             
107            ,7.9            ,9.1            ,17             
108            ,8.0            ,9.0            ,17             
109            ,8.0            ,9.0            ,17             
110            ,8.0            ,9.0            ,17             
111            ,8.7            ,8.3            ,17             
112            ,8.8            ,8.2            ,17             
113            ,8.8            ,8.2            ,17             
114            ,8.9            ,8.1            ,17             
115            ,8.9            ,8.1            ,17             
116            ,8.9            ,8.1            ,17             
117            ,8.9            ,8.1            ,17             
118            ,8.9            ,8.1            ,17             
119            ,8.9            ,8.1            ,17             
120            ,8.9            ,8.1            ,17             
121            ,8.9            ,8.1            ,17             
122            ,8.9            ,8.1            ,17             
123            ,8.9            ,8.1            ,17             
124            ,8.9            ,8.1            ,17             
125            ,9.0            ,8.0            ,17             
126            ,9.3            ,7.7            ,17             
127            ,9.8            ,7.2            ,17             
128            ,9.8            ,7.2            ,17             
129            ,9.8            ,7.2            ,17             
130            ,9.8            ,7.2            ,17             
131            ,9.8            ,7.2            ,17             
132            ,9.8            ,7.2            ,17             
133            ,9.8            ,7.2            ,17             
134            ,9.8            ,7.2            ,17             
135            ,9.8            ,7.2            ,17             
136            ,9.9            ,7.1            ,17             
137            ,9.9            ,7.1            ,17             
138            ,9.9            ,7.1            ,17             
139            ,9.9            ,7.1            ,17             
140            ,9.9            ,7.1            ,17             
141            ,9.9            ,7.1            ,17             
142            ,10.3           ,6.7            ,17             
143            ,10.7           ,6.3            ,17             
144            ,10.8           ,6.2            ,17             
145            ,10.8           ,6.2            ,17             
146            ,10.8           ,6.2            ,17             
147            ,10.8           ,6.2            ,17             
148            ,10.8           ,6.2            ,17             
149            ,10.8           ,6.2            ,17             
150            ,10.9           ,6.1            ,17             
151            ,10.9           ,6.1            ,17             
152            ,10.9           ,6.1            ,17             
153            ,11.3           ,5.7            ,17             
154            ,11.7           ,5.3            ,17             
155            ,11.7           ,5.3            ,17             
156            ,11.7           ,5.3            ,17             
157            ,11.7           ,5.3            ,17             
158            ,11.8           ,5.2            ,17             
159            ,12.2           ,4.8            ,17             
160            ,12.7           ,4.3            ,17             
161            ,13.0           ,4.0            ,17             
162            ,13.4           ,3.6            ,17             
163            ,13.5           ,3.5            ,17             
164            ,13.5           ,3.5            ,17             
165            ,13.5           ,3.5            ,17             
166            ,13.5           ,3.5            ,17             
167            ,13.6           ,3.4            ,17             
168            ,13.6           ,3.4            ,17             
169            ,13.6           ,3.4            ,17             
170            ,13.6           ,3.4            ,17             
171            ,13.6           ,3.4            ,17             
172            ,13.7           ,3.3            ,17             
173            ,13.7           ,3.3            ,17             
174            ,13.7           ,3.3            ,17             
175            ,13.7           ,3.3            ,17             
176            ,14.1           ,2.9            ,17             
177            ,14.1           ,2.9            ,17             
178            ,14.3           ,2.7            ,17             
179            ,14.7           ,2.3            ,17             
180            ,15.0           ,2.0            ,17             
181            ,15.0           ,2.0            ,17             
182            ,15.0           ,2.0            ,17             
183            ,15.0           ,2.0            ,17             
184            ,15.1           ,1.9            ,17             
185            ,15.1           ,1.9            ,17             
186            ,15.1           ,1.9            ,17             
187            ,15.1           ,1.9            ,17             
188            ,15.1           ,1.9            ,17             
189            ,15.2           ,1.8            ,17             
190            ,15.2           ,1.8            ,17             
191            ,15.2           ,1.8            ,17             
192            ,15.3           ,1.7            ,17             
193            ,15.4           ,1.6            ,17             
194            ,15.6           ,1.4            ,17             
195            ,15.8           ,1.2            ,17             
196            ,15.8           ,1.2            ,17             
197            ,15.8           ,1.2            ,17             
198            ,15.9           ,1.1            ,17             
199            ,16.3           ,0.7            ,17             
200            ,16.3           ,0.7            ,17             
201            ,16.3           ,0.7            ,17             
202            ,16.3           ,0.7            ,17             
203            ,16.3           ,0.7            ,17             
204            ,16.3           ,0.7            ,17             
205            ,16.3           ,0.7            ,17             
206            ,16.4           ,0.6            ,17             
207            ,16.7           ,0.3            ,17             
208            ,16.7           ,0.3            ,17             
209            ,16.7           ,0.3            ,17             
210            ,16.7           ,0.3            ,17             
211            ,16.7           ,0.3            ,17             
212            ,16.8           ,0.2            ,17             
213            ,16.8           ,0.2            ,17             
214            ,16.8           ,0.2            ,17             
215            ,16.8           ,0.2            ,17             
216            ,16.8           ,0.2            ,17             
217            ,16.8           ,0.2            ,17             
218            ,16.8           ,0.2            ,17             
219            ,16.8           ,0.2            ,17             
220            ,16.8           ,0.2            ,17             
221            ,16.8           ,0.2            ,17             
222            ,16.8           ,0.2            ,17             
223            ,16.8           ,0.2            ,17             
224            ,16.9           ,0.1            ,17             



time,sum ,1   ,2   ,3   ,4   ,5   ,6   ,7   ,8   ,9   ,10  ,11  ,12  ,13  ,14  ,15  ,16  ,17  
-10 ,0   ,0   ,0   ,0   ,0   ,0   ,0   ,0   ,0   ,0   ,0   ,0   ,0   ,0   ,0   ,0   ,0   ,0   
-9  ,0   ,0   ,0   ,0   ,0   ,0   ,0   ,0   ,0   ,0   ,0   ,0   ,0   ,0   ,0   ,0   ,0   ,0   
-8  ,0   ,0   ,0   ,0   ,0   ,0   ,0   ,0   ,0   ,0   ,0   ,0   ,0   ,0   ,0   ,0   ,0   ,0   
-7  ,0   ,0   ,0   ,0   ,0   ,0   ,0   ,0   ,0   ,0   ,0   ,0   ,0   ,0   ,0   ,0   ,0   ,0   
-6  ,0   ,0   ,0   ,0   ,0   ,0   ,0   ,0   ,0   ,0   ,0   ,0   ,0   ,0   ,0   ,0   ,0   ,0   
-5  ,0   ,0   ,0   ,0   ,0   ,0   ,0   ,0   ,0   ,0   ,0   ,0   ,0   ,0   ,0   ,0   ,0   ,0   
-4  ,0   ,0   ,0   ,0   ,0   ,0   ,0   ,0   ,0   ,0   ,0   ,0   ,0   ,0   ,0   ,0   ,0   ,0   
-3  ,0   ,0   ,0   ,0   ,0   ,0   ,0   ,0   ,0   ,0   ,0   ,0   ,0   ,0   ,0   ,0   ,0   ,0   
-2  ,0   ,0   ,0   ,0   ,0   ,0   ,0   ,0   ,0   ,0   ,0   ,0   ,0   ,0   ,0   ,0   ,0   ,0   
-1  ,0   ,0   ,0   ,0   ,0   ,0   ,0   ,0   ,0   ,0   ,0   ,0   ,0   ,0   ,0   ,0   ,0   ,0   
0   ,0   ,0   ,0   ,0   ,0   ,0   ,0   ,0   ,0   ,0   ,0   ,0   ,0   ,0   ,0   ,0   ,0   ,0   
1   ,0   ,0   ,0   ,0   ,0   ,0   ,0   ,0   ,0   ,0   ,0   ,0   ,0   ,0   ,0   ,0   ,0   ,0   
2   ,0   ,0   ,0   ,0   ,0   ,0   ,0   ,0   ,0   ,0   ,0   ,0   ,0   ,0   ,0   ,0   ,0   ,0   
3   ,0   ,0   ,0   ,0   ,0   ,0   ,0   ,0   ,0   ,0   ,0   ,0   ,0   ,0   ,0   ,0   ,0   ,0   
4   ,0   ,0   ,0   ,0   ,0   ,0   ,0   ,0   ,0   ,0   ,0   ,0   ,0   ,0   ,0   ,0   ,0   ,0   
5   ,0   ,0   ,0   ,0   ,0   ,0   ,0   ,0   ,0   ,0   ,0   ,0   ,0   ,0   ,0   ,0   ,0   ,0   
6   ,0   ,0   ,0   ,0   ,0   ,0   ,0   ,0   ,0   ,0   ,0   ,0   ,0   ,0   ,0   ,0   ,0   ,0   
7   ,0   ,0   ,0   ,0   ,0   ,0   ,0   ,0   ,0   ,0   ,0   ,0   ,0   ,0   ,0   ,0   ,0   ,0   
8   ,0   ,0   ,0   ,0   ,0   ,0   ,0   ,0   ,0   ,0   ,0   ,0   ,0   ,0   ,0   ,0   ,0   ,0   
9   ,0   ,0   ,0   ,0   ,0   ,0   ,0   ,0   ,0   ,0   ,0   ,0   ,0   ,0   ,0   ,0   ,0   ,0   
10  ,0   ,0   ,0   ,0   ,0   ,0   ,0   ,0   ,0   ,0   ,0   ,0   ,0   ,0   ,0   ,0   ,0   ,0   
11  ,0   ,0   ,0   ,0   ,0   ,0   ,0   ,0   ,0   ,0   ,0   ,0   ,0   ,0   ,0   ,0   ,0   ,0   
12  ,0   ,0   ,0   ,0   ,0   ,0   ,0   ,0   ,0   ,0   ,0   ,0   ,0   ,0   ,0   ,0   ,0   ,0   
13  ,0   ,0   ,0   ,0   ,0   ,0   ,0   ,0   ,0   ,0   ,0   ,0   ,0   ,0   ,0   ,0   ,0   ,0   
14  ,0   ,0   ,0   ,0   ,0   ,0   ,0   ,0   ,0   ,0   ,0   ,0   ,0   ,0   ,0   ,0   ,0   ,0   
15  ,0   ,0   ,0   ,0   ,0   ,0   ,0   ,0   ,0   ,0   ,0   ,0   ,0   ,0   ,0   ,0   ,0   ,0   
16  ,0   ,0   ,0   ,0   ,0   ,0   ,0   ,0   ,0   ,0   ,0   ,0   ,0   ,0   ,0   ,0   ,0   ,0   
17  ,0   ,0   ,0   ,0   ,0   ,0   ,0   ,0   ,0   ,0   ,0   ,0   ,0   ,0   ,0   ,0   ,0   ,0   
18  ,0   ,0   ,0   ,0   ,0   ,0   ,0   ,0   ,0   ,0   ,0   ,0   ,0   ,0   ,0   ,0   ,0   ,0   
19  ,0   ,0   ,0   ,0   ,0   ,0   ,0   ,0   ,0   ,0   ,0   ,0   ,0   ,0   ,0   ,0   ,0   ,0   
20  ,0   ,0   ,0   ,0   ,0   ,0   ,0   ,0   ,0   ,0   ,0   ,0   ,0   ,0   ,0   ,0   ,0   ,0   
21  ,1.0 ,0   ,0   ,0   ,0   ,0   ,0   ,0   ,0   ,0   ,0   ,0   ,0   ,0   ,0   ,0   ,0   ,1.0 
22  ,1.0 ,0   ,0   ,0   ,0   ,0   ,0   ,0   ,0   ,0   ,0   ,0   ,0   ,0   ,0   ,0   ,0   ,1.0 
23  ,0   ,0   ,0   ,0   ,0   ,0   ,0   ,0   ,0   ,0   ,0   ,0   ,0   ,0   ,0   ,0   ,0   ,0   
24  ,0   ,0   ,0   ,0   ,0   ,0   ,0   ,0   ,0   ,0   ,0   ,0   ,0   ,0   ,0   ,0   ,0   ,0   
25  ,0   ,0   ,0   ,0   ,0   ,0   ,0   ,0   ,0   ,0   ,0   ,0   ,0   ,0   ,0   ,0   ,0   ,0   
26  ,0.5 ,0   ,0   ,0   ,0   ,0   ,0   ,0   ,0   ,0   ,0   ,0   ,0   ,0   ,0   ,0   ,0.5 ,0   
27  ,0.5 ,0   ,0   ,0   ,0   ,0   ,0   ,0   ,0   ,0   ,0   ,0   ,0   ,0   ,0   ,0   ,0.5 ,0   
28  ,0   ,0   ,0   ,0   ,0   ,0   ,0   ,0   ,0   ,0   ,0   ,0   ,0   ,0   ,0   ,0   ,0   ,0   
29  ,0   ,0   ,0   ,0   ,0   ,0   ,0   ,0   ,0   ,0   ,0   ,0   ,0   ,0   ,0   ,0   ,0   ,0   
30  ,0   ,0   ,0   ,0   ,0   ,0   ,0   ,0   ,0   ,0   ,0   ,0   ,0   ,0   ,0   ,0   ,0   ,0   
31  ,0   ,0   ,0   ,0   ,0   ,0   ,0   ,0   ,0   ,0   ,0   ,0   ,0   ,0   ,0   ,0   ,0   ,0   
32  ,1.0 ,0   ,0   ,0   ,0   ,0   ,0   ,0   ,0   ,0   ,0   ,0   ,0   ,0   ,0   ,1.0 ,0   ,0   
33  ,1.0 ,0   ,0   ,0   ,0   ,0   ,0   ,0   ,0   ,0   ,0   ,0   ,0   ,0   ,0   ,1.0 ,0   ,0   
34  ,0   ,0   ,0   ,0   ,0   ,0   ,0   ,0   ,0   ,0   ,0   ,0   ,0   ,0   ,0   ,0   ,0   ,0   
35  ,0   ,0   ,0   ,0   ,0   ,0   ,0   ,0   ,0   ,0   ,0   ,0   ,0   ,0   ,0   ,0   ,0   ,0   
36  ,0   ,0   ,0   ,0   ,0   ,0   ,0   ,0   ,0   ,0   ,0   ,0   ,0   ,0   ,0   ,0   ,0   ,0   
37  ,1.8 ,0   ,0   ,0   ,0   ,0   ,0   ,0   ,0   ,0   ,0   ,0   ,0   ,0   ,0   ,1.8 ,0   ,0   
38  ,0.2 ,0   ,0   ,0   ,0   ,0   ,0   ,0   ,0   ,0   ,0   ,0   ,0   ,0   ,0   ,0.2 ,0   ,0   
39  ,0   ,0   ,0   ,0   ,0   ,0   ,0   ,0   ,0   ,0   ,0   ,0   ,0   ,0   ,0   ,0   ,0   ,0   
40  ,0   ,0   ,0   ,0   ,0   ,0   ,0   ,0   ,0   ,0   ,0   ,0   ,0   ,0   ,0   ,0   ,0   ,0   
41  ,0   ,0   ,0   ,0   ,0   ,0   ,0   ,0   ,0   ,0   ,0   ,0   ,0   ,0   ,0   ,0   ,0   ,0   
42  ,0   ,0   ,0   ,0   ,0   ,0   ,0   ,0   ,0   ,0   ,0   ,0   ,0   ,0   ,0   ,0   ,0   ,0   
43  ,0   ,0   ,0   ,0   ,0   ,0   ,0   ,0   ,0   ,0   ,0   ,0   ,0   ,0   ,0   ,0   ,0   ,0   
44  ,0.8 ,0   ,0   ,0   ,0   ,0   ,0   ,0   ,0   ,0   ,0   ,0   ,0   ,0   ,0.8 ,0   ,0   ,0   
45  ,0.2 ,0   ,0   ,0   ,0   ,0   ,0   ,0   ,0   ,0   ,0   ,0   ,0   ,0   ,0.2 ,0   ,0   ,0   
46  ,1.6 ,0   ,0   ,0   ,0   ,0   ,0   ,0   ,0   ,0   ,0   ,0   ,0   ,1.6 ,0   ,0   ,0   ,0   
47  ,0.4 ,0   ,0   ,0   ,0   ,0   ,0   ,0   ,0   ,0   ,0   ,0   ,0   ,0.4 ,0   ,0   ,0   ,0   
48  ,0.3 ,0   ,0   ,0   ,0   ,0   ,0   ,0   ,0   ,0   ,0   ,0   ,0.3 ,0   ,0   ,0   ,0   ,0   
49  ,0.6 ,0   ,0   ,0   ,0   ,0   ,0   ,0   ,0   ,0   ,0   ,0   ,0.6 ,0   ,0   ,0   ,0   ,0   
50  ,0.5 ,0   ,0   ,0   ,0   ,0   ,0   ,0   ,0   ,0   ,0   ,0.4 ,0.1 ,0   ,0   ,0   ,0   ,0   
51  ,1.6 ,0   ,0   ,0   ,0   ,0   ,0   ,0   ,0   ,0   ,0   ,1.6 ,0   ,0   ,0   ,0   ,0   ,0   
52  ,0   ,0   ,0   ,0   ,0   ,0   ,0   ,0   ,0   ,0   ,0   ,0   ,0   ,0   ,0   ,0   ,0   ,0   
53  ,1.4 ,0   ,0   ,0   ,0   ,0   ,0   ,0   ,0   ,0   ,0   ,1.4 ,0   ,0   ,0   ,0   ,0   ,0   
54  ,1.0 ,0   ,0   ,0   ,0   ,0   ,0   ,0   ,0   ,0   ,0.4 ,0.6 ,0   ,0   ,0   ,0   ,0   ,0   
55  ,0.6 ,0   ,0   ,0   ,0   ,0   ,0   ,0   ,0   ,0   ,0.6 ,0   ,0   ,0   ,0   ,0   ,0   ,0   
56  ,0.8 ,0   ,0   ,0   ,0   ,0   ,0   ,0   ,0   ,0.8 ,0   ,0   ,0   ,0   ,0   ,0   ,0   ,0   
57  ,2.0 ,0   ,0   ,0   ,0   ,0   ,0   ,0   ,0   ,1.2 ,0   ,0   ,0   ,0.8 ,0   ,0   ,0   ,0   
58  ,1.2 ,0   ,0   ,0   ,0   ,0   ,0   ,0   ,0   ,0   ,0   ,0   ,0   ,1.2 ,0   ,0   ,0   ,0   
59  ,0.2 ,0   ,0   ,0   ,0   ,0   ,0   ,0   ,0   ,0.2 ,0   ,0   ,0   ,0   ,0   ,0   ,0   ,0   
60  ,1.2 ,0   ,0   ,0   ,0   ,0   ,0   ,0   ,0   ,1.2 ,0   ,0   ,0   ,0   ,0   ,0   ,0   ,0   
61  ,0.9 ,0   ,0   ,0   ,0   ,0   ,0   ,0   ,0   ,0.4 ,0.5 ,0   ,0   ,0   ,0   ,0   ,0   ,0   
62  ,1.2 ,0   ,0   ,0   ,0   ,0   ,0   ,0   ,0.7 ,0   ,0.5 ,0   ,0   ,0   ,0   ,0   ,0   ,0   
63  ,0.7 ,0   ,0   ,0   ,0   ,0   ,0   ,0   ,0.3 ,0   ,0   ,0   ,0.4 ,0   ,0   ,0   ,0   ,0   
64  ,0.6 ,0   ,0   ,0   ,0   ,0   ,0   ,0   ,0   ,0   ,0   ,0   ,0.6 ,0   ,0   ,0   ,0   ,0   
65  ,1.4 ,0   ,0   ,0   ,0   ,0   ,0   ,0   ,0   ,0.6 ,0   ,0   ,0   ,0   ,0.8 ,0   ,0   ,0   
66  ,3.0 ,0   ,0   ,0   ,0   ,0   ,0   ,1.4 ,0   ,1.4 ,0   ,0   ,0   ,0   ,0.2 ,0   ,0   ,0   
67  ,1.0 ,0   ,0   ,0   ,0   ,0   ,0   ,0.6 ,0   ,0   ,0   ,0.4 ,0   ,0   ,0   ,0   ,0   ,0   
68  ,1.4 ,0   ,0   ,0   ,0   ,0   ,0   ,0   ,0   ,0   ,0   ,1.4 ,0   ,0   ,0   ,0   ,0   ,0   
69  ,2.0 ,0   ,0   ,0   ,0   ,0   ,0   ,0   ,0   ,0   ,0   ,0.2 ,0   ,1.8 ,0   ,0   ,0   ,0   
70  ,0.2 ,0   ,0   ,0   ,0   ,0   ,0   ,0   ,0   ,0   ,0   ,0   ,0   ,0.2 ,0   ,0   ,0   ,0   
71  ,1.5 ,0   ,0   ,0   ,0   ,0.4 ,0   ,0.6 ,0   ,0   ,0.5 ,0   ,0   ,0   ,0   ,0   ,0   ,0   
72  ,3.6 ,0   ,0   ,0   ,0   ,1.4 ,0   ,1.2 ,0.5 ,0   ,0.5 ,0   ,0   ,0   ,0   ,0   ,0   ,0   
73  ,0.9 ,0   ,0   ,0   ,0   ,0.2 ,0   ,0.2 ,0.5 ,0   ,0   ,0   ,0   ,0   ,0   ,0   ,0   ,0   
74  ,1.0 ,0   ,0   ,0   ,0.4 ,0   ,0   ,0   ,0   ,0.6 ,0   ,0   ,0   ,0   ,0   ,0   ,0   ,0   
75  ,1.9 ,0   ,0   ,0   ,0.5 ,0   ,0   ,0   ,0   ,1.4 ,0   ,0   ,0   ,0   ,0   ,0   ,0   ,0   
76  ,0.3 ,0   ,0   ,0   ,0.1 ,0   ,0.2 ,0   ,0   ,0   ,0   ,0   ,0   ,0   ,0   ,0   ,0   ,0   
77  ,0.7 ,0   ,0   ,0   ,0   ,0   ,0.7 ,0   ,0   ,0   ,0   ,0   ,0   ,0   ,0   ,0   ,0   ,0   
78  ,0.3 ,0   ,0   ,0   ,0   ,0   ,0.1 ,0   ,0   ,0   ,0   ,0   ,0.2 ,0   ,0   ,0   ,0   ,0   
79  ,0.7 ,0   ,0   ,0   ,0   ,0   ,0   ,0   ,0   ,0   ,0   ,0   ,0.7 ,0   ,0   ,0   ,0   ,0   
80  ,1.1 ,0   ,0   ,0   ,0   ,0   ,0   ,1.0 ,0   ,0   ,0   ,0   ,0.1 ,0   ,0   ,0   ,0   ,0   
81  ,1.6 ,0   ,0   ,0   ,0   ,0   ,0   ,1.0 ,0   ,0   ,0   ,0   ,0   ,0.6 ,0   ,0   ,0   ,0   
82  ,2.9 ,0   ,0   ,0   ,0   ,1.2 ,0   ,0   ,0.5 ,0   ,0   ,0   ,0   ,1.2 ,0   ,0   ,0   ,0   
83  ,1.1 ,0   ,0   ,0   ,0   ,0.6 ,0   ,0   ,0.3 ,0   ,0   ,0   ,0   ,0.2 ,0   ,0   ,0   ,0   
84  ,0.7 ,0   ,0   ,0   ,0   ,0.2 ,0   ,0   ,0.1 ,0   ,0   ,0.4 ,0   ,0   ,0   ,0   ,0   ,0   
85  ,3.2 ,0   ,0   ,0.6 ,0.6 ,0.6 ,0   ,0   ,0   ,0   ,0   ,1.4 ,0   ,0   ,0   ,0   ,0   ,0   
86  ,3.0 ,0   ,0   ,1.2 ,0.4 ,1.2 ,0   ,0   ,0   ,0   ,0   ,0.2 ,0   ,0   ,0   ,0   ,0   ,0   
87  ,0.6 ,0   ,0   ,0.4 ,0   ,0.2 ,0   ,0   ,0   ,0   ,0   ,0   ,0   ,0   ,0   ,0   ,0   ,0   
88  ,2.1 ,0   ,0.6 ,1.0 ,0   ,0   ,0   ,0   ,0   ,0   ,0.5 ,0   ,0   ,0   ,0   ,0   ,0   ,0   
89  ,1.7 ,0   ,0.4 ,0.8 ,0   ,0   ,0   ,0   ,0   ,0   ,0.5 ,0   ,0   ,0   ,0   ,0   ,0   ,0   
90  ,1.0 ,0   ,0   ,0   ,0   ,0   ,0   ,0   ,0   ,1.0 ,0   ,0   ,0   ,0   ,0   ,0   ,0   ,0   
91  ,1.0 ,0   ,0   ,0   ,0   ,0   ,0   ,0   ,0   ,1.0 ,0   ,0   ,0   ,0   ,0   ,0   ,0   ,0   
92  ,0.6 ,0   ,0   ,0   ,0.6 ,0   ,0   ,0   ,0   ,0   ,0   ,0   ,0   ,0   ,0   ,0   ,0   ,0   
93  ,0.4 ,0   ,0   ,0   ,0.4 ,0   ,0   ,0   ,0   ,0   ,0   ,0   ,0   ,0   ,0   ,0   ,0   ,0   
94  ,3.5 ,0   ,0   ,0   ,0   ,0   ,0   ,1.2 ,0   ,1.6 ,0   ,0   ,0.7 ,0   ,0   ,0   ,0   ,0   
95  ,1.5 ,0   ,0   ,0   ,0   ,0   ,0   ,0.8 ,0   ,0.4 ,0   ,0   ,0.3 ,0   ,0   ,0   ,0   ,0   
96  ,1.2 ,0   ,0   ,0   ,0   ,0   ,0.6 ,0   ,0.6 ,0   ,0   ,0   ,0   ,0   ,0   ,0   ,0   ,0   
97  ,0.6 ,0   ,0   ,0   ,0   ,0   ,0.3 ,0   ,0.3 ,0   ,0   ,0   ,0   ,0   ,0   ,0   ,0   ,0   
98  ,0.1 ,0   ,0   ,0   ,0   ,0   ,0.1 ,0   ,0   ,0   ,0   ,0   ,0   ,0   ,0   ,0   ,0   ,0   
99  ,0.2 ,0   ,0   ,0   ,0   ,0.2 ,0   ,0   ,0   ,0   ,0   ,0   ,0   ,0   ,0   ,0   ,0   ,0   
100 ,1.4 ,0   ,0   ,0   ,0   ,1.4 ,0   ,0   ,0   ,0   ,0   ,0   ,0   ,0   ,0   ,0   ,0   ,0   
101 ,0.4 ,0   ,0   ,0   ,0   ,0.4 ,0   ,0   ,0   ,0   ,0   ,0   ,0   ,0   ,0   ,0   ,0   ,0   
102 ,1.9 ,0   ,0   ,0   ,0.3 ,0   ,0   ,0   ,0   ,0   ,0   ,1.6 ,0   ,0   ,0   ,0   ,0   ,0   
103 ,1.6 ,0   ,0.5 ,0.2 ,0.7 ,0   ,0   ,0   ,0   ,0   ,0   ,0.2 ,0   ,0   ,0   ,0   ,0   ,0   
104 ,1.4 ,0   ,0.4 ,1.0 ,0   ,0   ,0   ,0   ,0   ,0   ,0   ,0   ,0   ,0   ,0   ,0   ,0   ,0   
105 ,1.5 ,0   ,0.1 ,0.8 ,0   ,0   ,0   ,0   ,0   ,0   ,0.4 ,0.2 ,0   ,0   ,0   ,0   ,0   ,0   
106 ,1.1 ,0   ,0   ,0   ,0   ,0   ,0   ,0   ,0.6 ,0   ,0.5 ,0   ,0   ,0   ,0   ,0   ,0   ,0   
107 ,0.9 ,0   ,0   ,0   ,0   ,0   ,0   ,0   ,0.3 ,0.6 ,0   ,0   ,0   ,0   ,0   ,0   ,0   ,0   
108 ,1.6 ,0   ,0   ,0   ,0   ,0   ,0   ,0.6 ,0   ,1.0 ,0   ,0   ,0   ,0   ,0   ,0   ,0   ,0   
109 ,1.3 ,0   ,0   ,0   ,0   ,0   ,0   ,1.2 ,0   ,0   ,0.1 ,0   ,0   ,0   ,0   ,0   ,0   ,0   
110 ,0.2 ,0   ,0   ,0   ,0   ,0   ,0   ,0.2 ,0   ,0   ,0   ,0   ,0   ,0   ,0   ,0   ,0   ,0   
111 ,1.6 ,0   ,0   ,0   ,0   ,0   ,0   ,0   ,0   ,1.6 ,0   ,0   ,0   ,0   ,0   ,0   ,0   ,0   
112 ,0.2 ,0   ,0   ,0   ,0   ,0   ,0   ,0   ,0   ,0.2 ,0   ,0   ,0   ,0   ,0   ,0   ,0   ,0   
113 ,0.2 ,0   ,0   ,0   ,0   ,0.2 ,0   ,0   ,0   ,0   ,0   ,0   ,0   ,0   ,0   ,0   ,0   ,0   
114 ,2.8 ,0   ,0   ,0   ,0   ,1.2 ,0   ,1.4 ,0   ,0.2 ,0   ,0   ,0   ,0   ,0   ,0   ,0   ,0   
115 ,1.7 ,0   ,0   ,0   ,0   ,0.6 ,0.7 ,0.4 ,0   ,0   ,0   ,0   ,0   ,0   ,0   ,0   ,0   ,0   
116 ,1.0 ,0   ,0   ,0   ,0.3 ,0   ,0.3 ,0   ,0.4 ,0   ,0   ,0   ,0   ,0   ,0   ,0   ,0   ,0   
117 ,1.1 ,0   ,0   ,0   ,0.7 ,0   ,0   ,0   ,0.4 ,0   ,0   ,0   ,0   ,0   ,0   ,0   ,0   ,0   
118 ,0.4 ,0   ,0.4 ,0   ,0   ,0   ,0   ,0   ,0   ,0   ,0   ,0   ,0   ,0   ,0   ,0   ,0   ,0   
119 ,0.5 ,0   ,0.5 ,0   ,0   ,0   ,0   ,0   ,0   ,0   ,0   ,0   ,0   ,0   ,0   ,0   ,0   ,0   
120 ,0.5 ,0   ,0.1 ,0   ,0   ,0.4 ,0   ,0   ,0   ,0   ,0   ,0   ,0   ,0   ,0   ,0   ,0   ,0   
121 ,1.4 ,0   ,0   ,0.8 ,0   ,0.6 ,0   ,0   ,0   ,0   ,0   ,0   ,0   ,0   ,0   ,0   ,0   ,0   
122 ,1.4 ,0   ,0   ,1.0 ,0   ,0   ,0   ,0.4 ,0   ,0   ,0   ,0   ,0   ,0   ,0   ,0   ,0   ,0   
123 ,1.5 ,0   ,0   ,0.2 ,0.1 ,0   ,0   ,1.2 ,0   ,0   ,0   ,0   ,0   ,0   ,0   ,0   ,0   ,0   
124 ,0.4 ,0   ,0   ,0   ,0.4 ,0   ,0   ,0   ,0   ,0   ,0   ,0   ,0   ,0   ,0   ,0   ,0   ,0   
125 ,0   ,0   ,0   ,0   ,0   ,0   ,0   ,0   ,0   ,0   ,0   ,0   ,0   ,0   ,0   ,0   ,0   ,0   
126 ,0.3 ,0   ,0   ,0   ,0   ,0   ,0   ,0   ,0.3 ,0   ,0   ,0   ,0   ,0   ,0   ,0   ,0   ,0   
127 ,0.6 ,0   ,0   ,0   ,0   ,0   ,0   ,0   ,0.6 ,0   ,0   ,0   ,0   ,0   ,0   ,0   ,0   ,0   
128 ,0.8 ,0   ,0   ,0   ,0   ,0.4 ,0   ,0.4 ,0   ,0   ,0   ,0   ,0   ,0   ,0   ,0   ,0   ,0   
129 ,1.8 ,0   ,0   ,0   ,0   ,0.6 ,0   ,1.2 ,0   ,0   ,0   ,0   ,0   ,0   ,0   ,0   ,0   ,0   
130 ,0.1 ,0   ,0   ,0   ,0.1 ,0   ,0   ,0   ,0   ,0   ,0   ,0   ,0   ,0   ,0   ,0   ,0   ,0   
131 ,0.3 ,0   ,0   ,0   ,0.3 ,0   ,0   ,0   ,0   ,0   ,0   ,0   ,0   ,0   ,0   ,0   ,0   ,0   
132 ,0.1 ,0   ,0   ,0   ,0.1 ,0   ,0   ,0   ,0   ,0   ,0   ,0   ,0   ,0   ,0   ,0   ,0   ,0   
133 ,0.3 ,0   ,0.3 ,0   ,0   ,0   ,0   ,0   ,0   ,0   ,0   ,0   ,0   ,0   ,0   ,0   ,0   ,0   
134 ,1.0 ,0   ,0.6 ,0   ,0   ,0   ,0.4 ,0   ,0   ,0   ,0   ,0   ,0   ,0   ,0   ,0   ,0   ,0   
135 ,0.4 ,0   ,0.1 ,0   ,0   ,0   ,0.3 ,0   ,0   ,0   ,0   ,0   ,0   ,0   ,0   ,0   ,0   ,0   
136 ,0.5 ,0   ,0   ,0   ,0   ,0   ,0.3 ,0.2 ,0   ,0   ,0   ,0   ,0   ,0   ,0   ,0   ,0   ,0   
137 ,0   ,0   ,0   ,0   ,0   ,0   ,0   ,0   ,0   ,0   ,0   ,0   ,0   ,0   ,0   ,0   ,0   ,0   
138 ,0.2 ,0   ,0   ,0   ,0   ,0   ,0   ,0.2 ,0   ,0   ,0   ,0   ,0   ,0   ,0   ,0   ,0   ,0   
139 ,0.4 ,0   ,0   ,0.4 ,0   ,0   ,0   ,0   ,0   ,0   ,0   ,0   ,0   ,0   ,0   ,0   ,0   ,0   
140 ,2.4 ,0   ,0   ,1.2 ,0   ,1.2 ,0   ,0   ,0   ,0   ,0   ,0   ,0   ,0   ,0   ,0   ,0   ,0   
141 ,1.0 ,0   ,0   ,0.4 ,0   ,0.6 ,0   ,0   ,0   ,0   ,0   ,0   ,0   ,0   ,0   ,0   ,0   ,0   
142 ,1.6 ,0   ,0   ,0   ,0.2 ,0.8 ,0   ,0.6 ,0   ,0   ,0   ,0   ,0   ,0   ,0   ,0   ,0   ,0   
143 ,2.6 ,0   ,0   ,0   ,0.4 ,1.2 ,0   ,1.0 ,0   ,0   ,0   ,0   ,0   ,0   ,0   ,0   ,0   ,0   
144 ,0.6 ,0   ,0   ,0   ,0.4 ,0   ,0   ,0   ,0   ,0.2 ,0   ,0   ,0   ,0   ,0   ,0   ,0   ,0   
145 ,0   ,0   ,0   ,0   ,0   ,0   ,0   ,0   ,0   ,0   ,0   ,0   ,0   ,0   ,0   ,0   ,0   ,0   
146 ,0   ,0   ,0   ,0   ,0   ,0   ,0   ,0   ,0   ,0   ,0   ,0   ,0   ,0   ,0   ,0   ,0   ,0   
147 ,0   ,0   ,0   ,0   ,0   ,0   ,0   ,0   ,0   ,0   ,0   ,0   ,0   ,0   ,0   ,0   ,0   ,0   
148 ,0.3 ,0   ,0.3 ,0   ,0   ,0   ,0   ,0   ,0   ,0   ,0   ,0   ,0   ,0   ,0   ,0   ,0   ,0   
149 ,0.5 ,0   ,0.4 ,0   ,0.1 ,0   ,0   ,0   ,0   ,0   ,0   ,0   ,0   ,0   ,0   ,0   ,0   ,0   
150 ,0.8 ,0   ,0.3 ,0   ,0.4 ,0   ,0   ,0   ,0.1 ,0   ,0   ,0   ,0   ,0   ,0   ,0   ,0   ,0   
151 ,0.4 ,0   ,0   ,0   ,0.4 ,0   ,0   ,0   ,0   ,0   ,0   ,0   ,0   ,0   ,0   ,0   ,0   ,0   
152 ,0   ,0   ,0   ,0   ,0   ,0   ,0   ,0   ,0   ,0   ,0   ,0   ,0   ,0   ,0   ,0   ,0   ,0   
153 ,0.3 ,0   ,0   ,0   ,0   ,0   ,0.3 ,0   ,0   ,0   ,0   ,0   ,0   ,0   ,0   ,0   ,0   ,0   
154 ,0.7 ,0   ,0   ,0   ,0   ,0   ,0.5 ,0.2 ,0   ,0   ,0   ,0   ,0   ,0   ,0   ,0   ,0   ,0   
155 ,0.1 ,0   ,0   ,0   ,0   ,0   ,0.1 ,0   ,0   ,0   ,0   ,0   ,0   ,0   ,0   ,0   ,0   ,0   
156 ,0   ,0   ,0   ,0   ,0   ,0   ,0   ,0   ,0   ,0   ,0   ,0   ,0   ,0   ,0   ,0   ,0   ,0   
157 ,0.2 ,0   ,0   ,0   ,0   ,0.2 ,0   ,0   ,0   ,0   ,0   ,0   ,0   ,0   ,0   ,0   ,0   ,0   
158 ,1.4 ,0   ,0   ,1.2 ,0   ,0.2 ,0   ,0   ,0   ,0   ,0   ,0   ,0   ,0   ,0   ,0   ,0   ,0   
159 ,1.6 ,0   ,0   ,0.8 ,0   ,0.8 ,0   ,0   ,0   ,0   ,0   ,0   ,0   ,0   ,0   ,0   ,0   ,0   
160 ,1.3 ,0   ,0   ,0   ,0.1 ,1.0 ,0   ,0.2 ,0   ,0   ,0   ,0   ,0   ,0   ,0   ,0   ,0   ,0   
161 ,0.3 ,0   ,0   ,0   ,0.3 ,0   ,0   ,0   ,0   ,0   ,0   ,0   ,0   ,0   ,0   ,0   ,0   ,0   
162 ,0.5 ,0   ,0   ,0   ,0.5 ,0   ,0   ,0   ,0   ,0   ,0   ,0   ,0   ,0   ,0   ,0   ,0   ,0   
163 ,0.6 ,0   ,0.3 ,0.2 ,0.1 ,0   ,0   ,0   ,0   ,0   ,0   ,0   ,0   ,0   ,0   ,0   ,0   ,0   
164 ,1.6 ,0   ,0.4 ,1.2 ,0   ,0   ,0   ,0   ,0   ,0   ,0   ,0   ,0   ,0   ,0   ,0   ,0   ,0   
165 ,0.8 ,0   ,0.3 ,0.4 ,0   ,0   ,0.1 ,0   ,0   ,0   ,0   ,0   ,0   ,0   ,0   ,0   ,0   ,0   
166 ,0   ,0   ,0   ,0   ,0   ,0   ,0   ,0   ,0   ,0   ,0   ,0   ,0   ,0   ,0   ,0   ,0   ,0   
167 ,0.1 ,0   ,0   ,0   ,0.1 ,0   ,0   ,0   ,0   ,0   ,0   ,0   ,0   ,0   ,0   ,0   ,0   ,0   
168 ,0   ,0   ,0   ,0   ,0   ,0   ,0   ,0   ,0   ,0   ,0   ,0   ,0   ,0   ,0   ,0   ,0   ,0   
169 ,0   ,0   ,0   ,0   ,0   ,0   ,0   ,0   ,0   ,0   ,0   ,0   ,0   ,0   ,0   ,0   ,0   ,0   
170 ,0.2 ,0   ,0   ,0   ,0   ,0.2 ,0   ,0   ,0   ,0   ,0   ,0   ,0   ,0   ,0   ,0   ,0   ,0   
171 ,0   ,0   ,0   ,0   ,0   ,0   ,0   ,0   ,0   ,0   ,0   ,0   ,0   ,0   ,0   ,0   ,0   ,0   
172 ,0.1 ,0   ,0   ,0   ,0   ,0   ,0.1 ,0   ,0   ,0   ,0   ,0   ,0   ,0   ,0   ,0   ,0   ,0   
173 ,0.1 ,0   ,0   ,0   ,0.1 ,0   ,0   ,0   ,0   ,0   ,0   ,0   ,0   ,0   ,0   ,0   ,0   ,0   
174 ,0.2 ,0   ,0   ,0   ,0   ,0.2 ,0   ,0   ,0   ,0   ,0   ,0   ,0   ,0   ,0   ,0   ,0   ,0   
175 ,0   ,0   ,0   ,0   ,0   ,0   ,0   ,0   ,0   ,0   ,0   ,0   ,0   ,0   ,0   ,0   ,0   ,0   
176 ,1.0 ,0   ,0   ,1.0 ,0   ,0   ,0   ,0   ,0   ,0   ,0   ,0   ,0   ,0   ,0   ,0   ,0   ,0   
177 ,0.2 ,0   ,0   ,0.2 ,0   ,0   ,0   ,0   ,0   ,0   ,0   ,0   ,0   ,0   ,0   ,0   ,0   ,0   
178 ,0.4 ,0   ,0.2 ,0.2 ,0   ,0   ,0   ,0   ,0   ,0   ,0   ,0   ,0   ,0   ,0   ,0   ,0   ,0   
179 ,0.9 ,0   ,0.5 ,0.4 ,0   ,0   ,0   ,0   ,0   ,0   ,0   ,0   ,0   ,0   ,0   ,0   ,0   ,0   
180 ,1.0 ,0   ,0.3 ,0.6 ,0.1 ,0   ,0   ,0   ,0   ,0   ,0   ,0   ,0   ,0   ,0   ,0   ,0   ,0   
181 ,0   ,0   ,0   ,0   ,0   ,0   ,0   ,0   ,0   ,0   ,0   ,0   ,0   ,0   ,0   ,0   ,0   ,0   
182 ,0   ,0   ,0   ,0   ,0   ,0   ,0   ,0   ,0   ,0   ,0   ,0   ,0   ,0   ,0   ,0   ,0   ,0   
183 ,0   ,0   ,0   ,0   ,0   ,0   ,0   ,0   ,0   ,0   ,0   ,0   ,0   ,0   ,0   ,0   ,0   ,0   
184 ,0.1 ,0   ,0   ,0   ,0   ,0   ,0.1 ,0   ,0   ,0   ,0   ,0   ,0   ,0   ,0   ,0   ,0   ,0   
185 ,0   ,0   ,0   ,0   ,0   ,0   ,0   ,0   ,0   ,0   ,0   ,0   ,0   ,0   ,0   ,0   ,0   ,0   
186 ,0   ,0   ,0   ,0   ,0   ,0   ,0   ,0   ,0   ,0   ,0   ,0   ,0   ,0   ,0   ,0   ,0   ,0   
187 ,0   ,0   ,0   ,0   ,0   ,0   ,0   ,0   ,0   ,0   ,0   ,0   ,0   ,0   ,0   ,0   ,0   ,0   
188 ,0   ,0   ,0   ,0   ,0   ,0   ,0   ,0   ,0   ,0   ,0   ,0   ,0   ,0   ,0   ,0   ,0   ,0   
189 ,0.2 ,0   ,0   ,0   ,0   ,0.2 ,0   ,0   ,0   ,0   ,0   ,0   ,0   ,0   ,0   ,0   ,0   ,0   
190 ,0   ,0   ,0   ,0   ,0   ,0   ,0   ,0   ,0   ,0   ,0   ,0   ,0   ,0   ,0   ,0   ,0   ,0   
191 ,0   ,0   ,0   ,0   ,0   ,0   ,0   ,0   ,0   ,0   ,0   ,0   ,0   ,0   ,0   ,0   ,0   ,0   
192 ,0.1 ,0   ,0   ,0   ,0.1 ,0   ,0   ,0   ,0   ,0   ,0   ,0   ,0   ,0   ,0   ,0   ,0   ,0   
193 ,0.1 ,0   ,0.1 ,0   ,0   ,0   ,0   ,0   ,0   ,0   ,0   ,0   ,0   ,0   ,0   ,0   ,0   ,0   
194 ,0.3 ,0   ,0.3 ,0   ,0   ,0   ,0   ,0   ,0   ,0   ,0   ,0   ,0   ,0   ,0   ,0   ,0   ,0   
195 ,0.4 ,0   ,0.2 ,0.2 ,0   ,0   ,0   ,0   ,0   ,0   ,0   ,0   ,0   ,0   ,0   ,0   ,0   ,0   
196 ,0   ,0   ,0   ,0   ,0   ,0   ,0   ,0   ,0   ,0   ,0   ,0   ,0   ,0   ,0   ,0   ,0   ,0   
197 ,0   ,0   ,0   ,0   ,0   ,0   ,0   ,0   ,0   ,0   ,0   ,0   ,0   ,0   ,0   ,0   ,0   ,0   
198 ,0   ,0   ,0   ,0   ,0   ,0   ,0   ,0   ,0   ,0   ,0   ,0   ,0   ,0   ,0   ,0   ,0   ,0   
199 ,0   ,0   ,0   ,0   ,0   ,0   ,0   ,0   ,0   ,0   ,0   ,0   ,0   ,0   ,0   ,0   ,0   ,0   
200 ,0   ,0   ,0   ,0   ,0   ,0   ,0   ,0   ,0   ,0   ,0   ,0   ,0   ,0   ,0   ,0   ,0   ,0   
201 ,0   ,0   ,0   ,0   ,0   ,0   ,0   ,0   ,0   ,0   ,0   ,0   ,0   ,0   ,0   ,0   ,0   ,0   
202 ,0   ,0   ,0   ,0   ,0   ,0   ,0   ,0   ,0   ,0   ,0   ,0   ,0   ,0   ,0   ,0   ,0   ,0   
203 ,0   ,0   ,0   ,0   ,0   ,0   ,0   ,0   ,0   ,0   ,0   ,0   ,0   ,0   ,0   ,0   ,0   ,0   
204 ,0   ,0   ,0   ,0   ,0   ,0   ,0   ,0   ,0   ,0   ,0   ,0   ,0   ,0   ,0   ,0   ,0   ,0   
205 ,0   ,0   ,0   ,0   ,0   ,0   ,0   ,0   ,0   ,0   ,0   ,0   ,0   ,0   ,0   ,0   ,0   ,0   
206 ,0   ,0   ,0   ,0   ,0   ,0   ,0   ,0   ,0   ,0   ,0   ,0   ,0   ,0   ,0   ,0   ,0   ,0   
207 ,0   ,0   ,0   ,0   ,0   ,0   ,0   ,0   ,0   ,0   ,0   ,0   ,0   ,0   ,0   ,0   ,0   ,0   
208 ,0   ,0   ,0   ,0   ,0   ,0   ,0   ,0   ,0   ,0   ,0   ,0   ,0   ,0   ,0   ,0   ,0   ,0   
209 ,0.1 ,0   ,0.1 ,0   ,0   ,0   ,0   ,0   ,0   ,0   ,0   ,0   ,0   ,0   ,0   ,0   ,0   ,0   
210 ,0   ,0   ,0   ,0   ,0   ,0   ,0   ,0   ,0   ,0   ,0   ,0   ,0   ,0   ,0   ,0   ,0   ,0   
211 ,0   ,0   ,0   ,0   ,0   ,0   ,0   ,0   ,0   ,0   ,0   ,0   ,0   ,0   ,0   ,0   ,0   ,0   
212 ,0.2 ,0   ,0   ,0.2 ,0   ,0   ,0   ,0   ,0   ,0   ,0   ,0   ,0   ,0   ,0   ,0   ,0   ,0   
213 ,0   ,0   ,0   ,0   ,0   ,0   ,0   ,0   ,0   ,0   ,0   ,0   ,0   ,0   ,0   ,0   ,0   ,0   
214 ,0   ,0   ,0   ,0   ,0   ,0   ,0   ,0   ,0   ,0   ,0   ,0   ,0   ,0   ,0   ,0   ,0   ,0   
215 ,0   ,0   ,0   ,0   ,0   ,0   ,0   ,0   ,0   ,0   ,0   ,0   ,0   ,0   ,0   ,0   ,0   ,0   
216 ,0   ,0   ,0   ,0   ,0   ,0   ,0   ,0   ,0   ,0   ,0   ,0   ,0   ,0   ,0   ,0   ,0   ,0   
217 ,0   ,0   ,0   ,0   ,0   ,0   ,0   ,0   ,0   ,0   ,0   ,0   ,0   ,0   ,0   ,0   ,0   ,0   
218 ,0   ,0   ,0   ,0   ,0   ,0   ,0   ,0   ,0   ,0   ,0   ,0   ,0   ,0   ,0   ,0   ,0   ,0   
219 ,0   ,0   ,0   ,0   ,0   ,0   ,0   ,0   ,0   ,0   ,0   ,0   ,0   ,0   ,0   ,0   ,0   ,0   
220 ,0   ,0   ,0   ,0   ,0   ,0   ,0   ,0   ,0   ,0   ,0   ,0   ,0   ,0   ,0   ,0   ,0   ,0   
221 ,0   ,0   ,0   ,0   ,0   ,0   ,0   ,0   ,0   ,0   ,0   ,0   ,0   ,0   ,0   ,0   ,0   ,0   
222 ,0   ,0   ,0   ,0   ,0   ,0   ,0   ,0   ,0   ,0   ,0   ,0   ,0   ,0   ,0   ,0   ,0   ,0   
223 ,0   ,0   ,0   ,0   ,0   ,0   ,0   ,0   ,0   ,0   ,0   ,0   ,0   ,0   ,0   ,0   ,0   ,0   
224 ,0.1 ,0   ,0.1 ,0   ,0   ,0   ,0   ,0   ,0   ,0   ,0   ,0   ,0   ,0   ,0   ,0   ,0   ,0   
Error in counting updates



tim            ,sum            
-10 ,0   
-9  ,0   
-8  ,0   
-7  ,0   
-6  ,0   
-5  ,0   
-4  ,0   
-3  ,0   
-2  ,0   
-1  ,0   
0   ,0.0 
1   ,0.0 
2   ,0.0 
3   ,0.0 
4   ,0.0 
5   ,0.0 
6   ,0.0 
7   ,0.0 
8   ,0.0 
9   ,0.0 
10  ,0.0 
11  ,0.0 
12  ,0.0 
13  ,0.0 
14  ,0.0 
15  ,0.0 
16  ,0.0 
17  ,0.0 
18  ,0.0 
19  ,0.0 
20  ,0.0 
21  ,1.0 
22  ,2.0 
23  ,2.0 
24  ,2.0 
25  ,2.0 
26  ,2.5 
27  ,3.0 
28  ,3.0 
29  ,3.0 
30  ,3.0 
31  ,3.0 
32  ,4.0 
33  ,5.0 
34  ,5.0 
35  ,5.0 
36  ,5.0 
37  ,6.8 
38  ,7.0 
39  ,7.0 
40  ,7.0 
41  ,7.0 
42  ,7.0 
43  ,7.0 
44  ,7.8 
45  ,8.0 
46  ,9.6 
47  ,10.0
48  ,10.3
49  ,10.9
50  ,11.4
51  ,13.0
52  ,13.0
53  ,14.4
54  ,15.4
55  ,16.0
56  ,16.8
57  ,18.8
58  ,20.0
59  ,20.2
60  ,21.4
61  ,22.3
62  ,23.5
63  ,24.2
64  ,24.8
65  ,26.2
66  ,29.2
67  ,30.2
68  ,31.6
69  ,33.6
70  ,33.8
71  ,35.3
72  ,38.9
73  ,39.8
74  ,40.8
75  ,42.7
76  ,43.0
77  ,43.7
78  ,44.0
79  ,44.7
80  ,45.8
81  ,47.4
82  ,50.3
83  ,51.4
84  ,52.1
85  ,55.3
86  ,58.3
87  ,58.9
88  ,61.0
89  ,62.7
90  ,63.7
91  ,64.7
92  ,65.3
93  ,65.7
94  ,69.2
95  ,70.7
96  ,71.9
97  ,72.5
98  ,72.6
99  ,72.8
100 ,74.2
101 ,74.6
102 ,76.5
103 ,78.1
104 ,79.5
105 ,81.0
106 ,82.1
107 ,83.0
108 ,84.6
109 ,85.9
110 ,86.1
111 ,87.7
112 ,87.9
113 ,88.1
114 ,90.9
115 ,92.6
116 ,93.6
117 ,94.7
118 ,95.1
119 ,95.6
120 ,96.1
121 ,97.5
122 ,98.9
123 ,100.4
124 ,100.8
125 ,100.8
126 ,101.1
127 ,101.7
128 ,102.5
129 ,104.3
130 ,104.4
131 ,104.7
132 ,104.8
133 ,105.1
134 ,106.1
135 ,106.5
136 ,107.0
137 ,107.0
138 ,107.2
139 ,107.6
140 ,110.0
141 ,111.0
142 ,112.6
143 ,115.2
144 ,115.8
145 ,115.8
146 ,115.8
147 ,115.8
148 ,116.1
149 ,116.6
150 ,117.4
151 ,117.8
152 ,117.8
153 ,118.1
154 ,118.8
155 ,118.9
156 ,118.9
157 ,119.1
158 ,120.5
159 ,122.1
160 ,123.4
161 ,123.7
162 ,124.2
163 ,124.8
164 ,126.4
165 ,127.2
166 ,127.2
167 ,127.3
168 ,127.3
169 ,127.3
170 ,127.5
171 ,127.5
172 ,127.6
173 ,127.7
174 ,127.9
175 ,127.9
176 ,128.9
177 ,129.1
178 ,129.5
179 ,130.4
180 ,131.4
181 ,131.4
182 ,131.4
183 ,131.4
184 ,131.5
185 ,131.5
186 ,131.5
187 ,131.5
188 ,131.5
189 ,131.7
190 ,131.7
191 ,131.7
192 ,131.8
193 ,131.9
194 ,132.2
195 ,132.6
196 ,132.6
197 ,132.6
198 ,132.6
199 ,132.6
200 ,132.6
201 ,132.6
202 ,132.6
203 ,132.6
204 ,132.6
205 ,132.6
206 ,132.6
207 ,132.6
208 ,132.6
209 ,132.7
210 ,132.7
211 ,132.7
212 ,132.9
213 ,132.9
214 ,132.9
215 ,132.9
216 ,132.9
217 ,132.9
218 ,132.9
219 ,132.9
220 ,132.9
221 ,132.9
222 ,132.9
223 ,132.9
224 ,133.0
