AS             ,convergence_time
1              ,18             
2              ,18             
3              ,16             
4              ,16             
5              ,14             
6              ,13             
7              ,7              
8              ,7              
9              ,7              
10             ,7              
11             ,6              
12             ,6              
13             ,4              
14             ,4              
15             ,0              
16             ,0              
17             ,0              



time           ,converged_ASes ,non_converged_ASes,total_nodes    
-10            ,17             ,0              ,17             
-9             ,17             ,0              ,17             
-8             ,17             ,0              ,17             
-7             ,17             ,0              ,17             
-6             ,17             ,0              ,17             
-5             ,17             ,0              ,17             
-4             ,17             ,0              ,17             
-3             ,17             ,0              ,17             
-2             ,17             ,0              ,17             
-1             ,17             ,0              ,17             
0              ,3.0            ,14.0           ,17             
1              ,3.0            ,14.0           ,17             
2              ,3.0            ,14.0           ,17             
3              ,4.8            ,12.2           ,17             
4              ,5.0            ,12.0           ,17             
5              ,6.8            ,10.2           ,17             
6              ,8.8            ,8.2            ,17             
7              ,11.0           ,6.0            ,17             
8              ,11.0           ,6.0            ,17             
9              ,11.0           ,6.0            ,17             
10             ,11.0           ,6.0            ,17             
11             ,11.0           ,6.0            ,17             
12             ,11.5           ,5.5            ,17             
13             ,12.9           ,4.1            ,17             
14             ,13.0           ,4.0            ,17             
15             ,15.4           ,1.6            ,17             
16             ,16.2           ,0.8            ,17             
17             ,16.2           ,0.8            ,17             
18             ,17.0           ,0.0            ,17             



time,sum ,1   ,2   ,3   ,4   ,5   ,6   ,7   ,8   ,9   ,10  ,11  ,12  ,13  ,14  ,15  ,16  ,17  
-10 ,0   ,0   ,0   ,0   ,0   ,0   ,0   ,0   ,0   ,0   ,0   ,0   ,0   ,0   ,0   ,0   ,0   ,0   
-9  ,0   ,0   ,0   ,0   ,0   ,0   ,0   ,0   ,0   ,0   ,0   ,0   ,0   ,0   ,0   ,0   ,0   ,0   
-8  ,0   ,0   ,0   ,0   ,0   ,0   ,0   ,0   ,0   ,0   ,0   ,0   ,0   ,0   ,0   ,0   ,0   ,0   
-7  ,0   ,0   ,0   ,0   ,0   ,0   ,0   ,0   ,0   ,0   ,0   ,0   ,0   ,0   ,0   ,0   ,0   ,0   
-6  ,0   ,0   ,0   ,0   ,0   ,0   ,0   ,0   ,0   ,0   ,0   ,0   ,0   ,0   ,0   ,0   ,0   ,0   
-5  ,0   ,0   ,0   ,0   ,0   ,0   ,0   ,0   ,0   ,0   ,0   ,0   ,0   ,0   ,0   ,0   ,0   ,0   
-4  ,0   ,0   ,0   ,0   ,0   ,0   ,0   ,0   ,0   ,0   ,0   ,0   ,0   ,0   ,0   ,0   ,0   ,0   
-3  ,0   ,0   ,0   ,0   ,0   ,0   ,0   ,0   ,0   ,0   ,0   ,0   ,0   ,0   ,0   ,0   ,0   ,0   
-2  ,0   ,0   ,0   ,0   ,0   ,0   ,0   ,0   ,0   ,0   ,0   ,0   ,0   ,0   ,0   ,0   ,0   ,0   
-1  ,0   ,0   ,0   ,0   ,0   ,0   ,0   ,0   ,0   ,0   ,0   ,0   ,0   ,0   ,0   ,0   ,0   ,0   
0   ,22.4,0   ,0.9 ,1.8 ,0.9 ,1.8 ,0.9 ,1.8 ,0.9 ,1.8 ,0.9 ,1.8 ,0.9 ,2.0 ,1.0 ,2.0 ,1.0 ,2.0 
1   ,1.6 ,0   ,0.1 ,0.2 ,0.1 ,0.2 ,0.1 ,0.2 ,0.1 ,0.2 ,0.1 ,0.2 ,0.1 ,0   ,0   ,0   ,0   ,0   
2   ,0   ,0   ,0   ,0   ,0   ,0   ,0   ,0   ,0   ,0   ,0   ,0   ,0   ,0   ,0   ,0   ,0   ,0   
3   ,5.4 ,0   ,0.9 ,1.8 ,0   ,0   ,0   ,0   ,0   ,0   ,0   ,0   ,0   ,0   ,0.9 ,1.8 ,0   ,0   
4   ,0.6 ,0   ,0.1 ,0.2 ,0   ,0   ,0   ,0   ,0   ,0   ,0   ,0   ,0   ,0   ,0.1 ,0.2 ,0   ,0   
5   ,5.4 ,0   ,0   ,0   ,0.9 ,1.8 ,0   ,0   ,0   ,0   ,0   ,0   ,0.9 ,1.8 ,0   ,0   ,0   ,0   
6   ,8.7 ,0   ,0.9 ,1.9 ,0.1 ,0.2 ,0.8 ,1.7 ,0.1 ,0.3 ,0.8 ,1.6 ,0.1 ,0.2 ,0   ,0   ,0   ,0   
7   ,3.9 ,0   ,0.1 ,0.1 ,0   ,0   ,0.2 ,0.3 ,0.9 ,1.7 ,0.2 ,0.4 ,0   ,0   ,0   ,0   ,0   ,0   
8   ,0   ,0   ,0   ,0   ,0   ,0   ,0   ,0   ,0   ,0   ,0   ,0   ,0   ,0   ,0   ,0   ,0   ,0   
9   ,0   ,0   ,0   ,0   ,0   ,0   ,0   ,0   ,0   ,0   ,0   ,0   ,0   ,0   ,0   ,0   ,0   ,0   
10  ,5.4 ,0   ,0.9 ,1.8 ,0.9 ,1.8 ,0   ,0   ,0   ,0   ,0   ,0   ,0   ,0   ,0   ,0   ,0   ,0   
11  ,0.6 ,0   ,0.1 ,0.2 ,0.1 ,0.2 ,0   ,0   ,0   ,0   ,0   ,0   ,0   ,0   ,0   ,0   ,0   ,0   
12  ,0.9 ,0   ,0   ,0   ,0   ,0   ,0.3 ,0.6 ,0   ,0   ,0   ,0   ,0   ,0   ,0   ,0   ,0   ,0   
13  ,2.0 ,0   ,0   ,0   ,0   ,0   ,0.7 ,1.3 ,0   ,0   ,0   ,0   ,0   ,0   ,0   ,0   ,0   ,0   
14  ,0.1 ,0   ,0   ,0   ,0   ,0   ,0   ,0.1 ,0   ,0   ,0   ,0   ,0   ,0   ,0   ,0   ,0   ,0   
15  ,5.1 ,0   ,0.8 ,1.8 ,0.8 ,1.7 ,0   ,0   ,0   ,0   ,0   ,0   ,0   ,0   ,0   ,0   ,0   ,0   
16  ,0.9 ,0   ,0.2 ,0.2 ,0.2 ,0.3 ,0   ,0   ,0   ,0   ,0   ,0   ,0   ,0   ,0   ,0   ,0   ,0   
17  ,0   ,0   ,0   ,0   ,0   ,0   ,0   ,0   ,0   ,0   ,0   ,0   ,0   ,0   ,0   ,0   ,0   ,0   
18  ,1.2 ,0   ,0.4 ,0.8 ,0   ,0   ,0   ,0   ,0   ,0   ,0   ,0   ,0   ,0   ,0   ,0   ,0   ,0   



tim            ,sum            
-10 ,0   
-9  ,0   
-8  ,0   
-7  ,0   
-6  ,0   
-5  ,0   
-4  ,0   
-3  ,0   
-2  ,0   
-1  ,0   
0   ,22.4
1   ,24.0
2   ,24.0
3   ,29.4
4   ,30.0
5   ,35.4
6   ,44.1
7   ,48.0
8   ,48.0
9   ,48.0
10  ,53.4
11  ,54.0
12  ,54.9
13  ,56.9
14  ,57.0
15  ,62.1
16  ,63.0
17  ,63.0
18  ,64.2
