AS             ,convergence_time
1              ,28             
2              ,28             
3              ,28             
4              ,28             
5              ,28             
6              ,28             
7              ,28             
8              ,28             
9              ,26             
10             ,26             
11             ,23             
12             ,23             
13             ,15             
14             ,15             
15             ,0              
16             ,0              
17             ,0              



time           ,converged_ASes ,non_converged_ASes,total_nodes    
-10            ,17             ,0              ,17             
-9             ,17             ,0              ,17             
-8             ,17             ,0              ,17             
-7             ,17             ,0              ,17             
-6             ,17             ,0              ,17             
-5             ,17             ,0              ,17             
-4             ,17             ,0              ,17             
-3             ,17             ,0              ,17             
-2             ,17             ,0              ,17             
-1             ,17             ,0              ,17             
0              ,3.0            ,14.0           ,17             
1              ,3.0            ,14.0           ,17             
2              ,3.0            ,14.0           ,17             
3              ,3.0            ,14.0           ,17             
4              ,3.0            ,14.0           ,17             
5              ,3.0            ,14.0           ,17             
6              ,3.0            ,14.0           ,17             
7              ,3.0            ,14.0           ,17             
8              ,3.0            ,14.0           ,17             
9              ,3.0            ,14.0           ,17             
10             ,3.0            ,14.0           ,17             
11             ,3.0            ,14.0           ,17             
12             ,3.0            ,14.0           ,17             
13             ,3.0            ,14.0           ,17             
14             ,4.4            ,12.6           ,17             
15             ,6.2            ,10.8           ,17             
16             ,6.4            ,10.6           ,17             
17             ,7.2            ,9.8            ,17             
18             ,8.1            ,8.9            ,17             
19             ,8.3            ,8.7            ,17             
20             ,9.0            ,8.0            ,17             
21             ,9.9            ,7.1            ,17             
22             ,11.6           ,5.4            ,17             
23             ,12.0           ,5.0            ,17             
24             ,13.2           ,3.8            ,17             
25             ,16.0           ,1.0            ,17             
26             ,16.2           ,0.8            ,17             
27             ,16.2           ,0.8            ,17             
28             ,17.0           ,0.0            ,17             



time,sum ,1   ,2   ,3   ,4   ,5   ,6   ,7   ,8   ,9   ,10  ,11  ,12  ,13  ,14  ,15  ,16  ,17  
-10 ,0   ,0   ,0   ,0   ,0   ,0   ,0   ,0   ,0   ,0   ,0   ,0   ,0   ,0   ,0   ,0   ,0   ,0   
-9  ,0   ,0   ,0   ,0   ,0   ,0   ,0   ,0   ,0   ,0   ,0   ,0   ,0   ,0   ,0   ,0   ,0   ,0   
-8  ,0   ,0   ,0   ,0   ,0   ,0   ,0   ,0   ,0   ,0   ,0   ,0   ,0   ,0   ,0   ,0   ,0   ,0   
-7  ,0   ,0   ,0   ,0   ,0   ,0   ,0   ,0   ,0   ,0   ,0   ,0   ,0   ,0   ,0   ,0   ,0   ,0   
-6  ,0   ,0   ,0   ,0   ,0   ,0   ,0   ,0   ,0   ,0   ,0   ,0   ,0   ,0   ,0   ,0   ,0   ,0   
-5  ,0   ,0   ,0   ,0   ,0   ,0   ,0   ,0   ,0   ,0   ,0   ,0   ,0   ,0   ,0   ,0   ,0   ,0   
-4  ,0   ,0   ,0   ,0   ,0   ,0   ,0   ,0   ,0   ,0   ,0   ,0   ,0   ,0   ,0   ,0   ,0   ,0   
-3  ,0   ,0   ,0   ,0   ,0   ,0   ,0   ,0   ,0   ,0   ,0   ,0   ,0   ,0   ,0   ,0   ,0   ,0   
-2  ,0   ,0   ,0   ,0   ,0   ,0   ,0   ,0   ,0   ,0   ,0   ,0   ,0   ,0   ,0   ,0   ,0   ,0   
-1  ,0   ,0   ,0   ,0   ,0   ,0   ,0   ,0   ,0   ,0   ,0   ,0   ,0   ,0   ,0   ,0   ,0   ,0   
0   ,29.8,0   ,2.4 ,4.8 ,1.5 ,3.1 ,1.0 ,2.0 ,1.0 ,2.0 ,1.0 ,2.0 ,1.0 ,2.0 ,1.0 ,2.0 ,1.0 ,2.0 
1   ,15.6,0   ,1.8 ,3.8 ,1.7 ,3.5 ,1.3 ,2.6 ,0.3 ,0.6 ,0   ,0   ,0   ,0   ,0   ,0   ,0   ,0   
2   ,8.6 ,0   ,0.8 ,1.4 ,0.8 ,1.4 ,0.7 ,1.4 ,0.7 ,1.4 ,0   ,0   ,0   ,0   ,0   ,0   ,0   ,0   
3   ,4.6 ,0   ,0.3 ,0.6 ,0.3 ,0.6 ,0.3 ,0.6 ,0.3 ,0.6 ,0.3 ,0.7 ,0   ,0   ,0   ,0   ,0   ,0   
4   ,10.4,0   ,0.7 ,1.4 ,0.7 ,1.4 ,0.7 ,1.4 ,0.7 ,1.4 ,0.7 ,1.3 ,0   ,0   ,0   ,0   ,0   ,0   
5   ,0   ,0   ,0   ,0   ,0   ,0   ,0   ,0   ,0   ,0   ,0   ,0   ,0   ,0   ,0   ,0   ,0   ,0   
6   ,0   ,0   ,0   ,0   ,0   ,0   ,0   ,0   ,0   ,0   ,0   ,0   ,0   ,0   ,0   ,0   ,0   ,0   
7   ,11.7,0   ,0.6 ,1.2 ,0.6 ,1.2 ,0.6 ,1.2 ,0.6 ,1.4 ,0.7 ,1.4 ,0.7 ,1.5 ,0   ,0   ,0   ,0   
8   ,6.3 ,0   ,0.4 ,0.8 ,0.4 ,0.8 ,0.4 ,0.8 ,0.4 ,0.6 ,0.3 ,0.6 ,0.3 ,0.5 ,0   ,0   ,0   ,0   
9   ,0   ,0   ,0   ,0   ,0   ,0   ,0   ,0   ,0   ,0   ,0   ,0   ,0   ,0   ,0   ,0   ,0   ,0   
10  ,0   ,0   ,0   ,0   ,0   ,0   ,0   ,0   ,0   ,0   ,0   ,0   ,0   ,0   ,0   ,0   ,0   ,0   
11  ,0   ,0   ,0   ,0   ,0   ,0   ,0   ,0   ,0   ,0   ,0   ,0   ,0   ,0   ,0   ,0   ,0   ,0   
12  ,0   ,0   ,0   ,0   ,0   ,0   ,0   ,0   ,0   ,0   ,0   ,0   ,0   ,0   ,0   ,0   ,0   ,0   
13  ,0   ,0   ,0   ,0   ,0   ,0   ,0   ,0   ,0   ,0   ,0   ,0   ,0   ,0   ,0   ,0   ,0   ,0   
14  ,6.8 ,0   ,0.3 ,0.6 ,0.3 ,0.6 ,0.3 ,0.6 ,0.3 ,0.6 ,0.3 ,0.6 ,0.3 ,0.6 ,0.3 ,1.1 ,0   ,0   
15  ,24.8,0   ,2.8 ,5.6 ,1.8 ,3.6 ,1.0 ,2.1 ,0.7 ,1.4 ,0.7 ,1.4 ,0.7 ,1.4 ,0.7 ,0.9 ,0   ,0   
16  ,13.7,0   ,1.5 ,3.0 ,1.4 ,2.8 ,1.2 ,2.3 ,0.5 ,1.0 ,0   ,0   ,0   ,0   ,0   ,0   ,0   ,0   
17  ,7.7 ,0   ,0.8 ,1.6 ,0.7 ,1.4 ,0.6 ,1.1 ,0.5 ,1.0 ,0   ,0   ,0   ,0   ,0   ,0   ,0   ,0   
18  ,9.5 ,0   ,0.8 ,1.6 ,0.8 ,1.5 ,0.6 ,1.2 ,0.5 ,1.0 ,0.5 ,1.0 ,0   ,0   ,0   ,0   ,0   ,0   
19  ,6.3 ,0   ,0.6 ,1.2 ,0.5 ,1.0 ,0.4 ,0.8 ,0.3 ,0.6 ,0.3 ,0.6 ,0   ,0   ,0   ,0   ,0   ,0   
20  ,2.2 ,0   ,0.3 ,0.6 ,0.2 ,0.4 ,0.2 ,0.4 ,0   ,0.1 ,0   ,0   ,0   ,0   ,0   ,0   ,0   ,0   
21  ,2.2 ,0   ,0.3 ,0.6 ,0.2 ,0.4 ,0.1 ,0.2 ,0.1 ,0.2 ,0   ,0   ,0   ,0.1 ,0   ,0   ,0   ,0   
22  ,11.9,0   ,1.2 ,2.4 ,0.8 ,1.6 ,0.5 ,1.0 ,0.5 ,1.0 ,0.5 ,1.0 ,0.5 ,0.9 ,0   ,0   ,0   ,0   
23  ,8.7 ,0   ,1.1 ,2.2 ,0.9 ,1.8 ,0.6 ,1.2 ,0.1 ,0.2 ,0.1 ,0.2 ,0.1 ,0.2 ,0   ,0   ,0   ,0   
24  ,11.9,0   ,1.5 ,3.0 ,1.1 ,2.3 ,0.7 ,1.5 ,0.6 ,1.2 ,0   ,0   ,0   ,0   ,0   ,0   ,0   ,0   
25  ,5.0 ,0   ,0.7 ,1.4 ,0.6 ,1.1 ,0.4 ,0.8 ,0   ,0   ,0   ,0   ,0   ,0   ,0   ,0   ,0   ,0   
26  ,1.8 ,0   ,0.2 ,0.4 ,0.1 ,0.2 ,0.1 ,0.2 ,0.1 ,0.2 ,0.1 ,0.2 ,0   ,0   ,0   ,0   ,0   ,0   
27  ,0.6 ,0   ,0.1 ,0.2 ,0.1 ,0.2 ,0   ,0   ,0   ,0   ,0   ,0   ,0   ,0   ,0   ,0   ,0   ,0   
28  ,1.2 ,0   ,0.1 ,0.2 ,0.1 ,0.2 ,0.1 ,0.2 ,0.1 ,0.2 ,0   ,0   ,0   ,0   ,0   ,0   ,0   ,0   
Error in counting updates



tim            ,sum            
-10 ,0   
-9  ,0   
-8  ,0   
-7  ,0   
-6  ,0   
-5  ,0   
-4  ,0   
-3  ,0   
-2  ,0   
-1  ,0   
0   ,29.8
1   ,45.4
2   ,54.0
3   ,58.6
4   ,69.0
5   ,69.0
6   ,69.0
7   ,80.7
8   ,87.0
9   ,87.0
10  ,87.0
11  ,87.0
12  ,87.0
13  ,87.0
14  ,93.8
15  ,118.6
16  ,132.3
17  ,140.0
18  ,149.5
19  ,155.8
20  ,158.0
21  ,160.2
22  ,172.1
23  ,180.8
24  ,192.7
25  ,197.7
26  ,199.5
27  ,200.1
28  ,201.3
