AS             ,convergence_time
1              ,177            
2              ,177            
3              ,148            
4              ,148            
5              ,145            
6              ,147            
7              ,118            
8              ,117            
9              ,90             
10             ,88             
11             ,60             
12             ,59             
13             ,30             
14             ,30             
15             ,0              
16             ,0              
17             ,0              



time           ,converged_ASes ,non_converged_ASes,total_nodes    
-10            ,17             ,0              ,17             
-9             ,17             ,0              ,17             
-8             ,17             ,0              ,17             
-7             ,17             ,0              ,17             
-6             ,17             ,0              ,17             
-5             ,17             ,0              ,17             
-4             ,17             ,0              ,17             
-3             ,17             ,0              ,17             
-2             ,17             ,0              ,17             
-1             ,17             ,0              ,17             
0              ,3.0            ,14.0           ,17             
1              ,3.0            ,14.0           ,17             
2              ,3.0            ,14.0           ,17             
3              ,3.0            ,14.0           ,17             
4              ,3.0            ,14.0           ,17             
5              ,3.0            ,14.0           ,17             
6              ,3.0            ,14.0           ,17             
7              ,3.0            ,14.0           ,17             
8              ,3.0            ,14.0           ,17             
9              ,3.0            ,14.0           ,17             
10             ,3.0            ,14.0           ,17             
11             ,3.0            ,14.0           ,17             
12             ,3.0            ,14.0           ,17             
13             ,3.0            ,14.0           ,17             
14             ,3.0            ,14.0           ,17             
15             ,3.0            ,14.0           ,17             
16             ,3.0            ,14.0           ,17             
17             ,3.0            ,14.0           ,17             
18             ,3.0            ,14.0           ,17             
19             ,3.0            ,14.0           ,17             
20             ,3.0            ,14.0           ,17             
21             ,3.0            ,14.0           ,17             
22             ,3.0            ,14.0           ,17             
23             ,3.0            ,14.0           ,17             
24             ,3.0            ,14.0           ,17             
25             ,3.0            ,14.0           ,17             
26             ,3.0            ,14.0           ,17             
27             ,3.0            ,14.0           ,17             
28             ,3.1            ,13.9           ,17             
29             ,3.8            ,13.2           ,17             
30             ,5.4            ,11.6           ,17             
31             ,5.4            ,11.6           ,17             
32             ,5.4            ,11.6           ,17             
33             ,5.4            ,11.6           ,17             
34             ,5.4            ,11.6           ,17             
35             ,5.4            ,11.6           ,17             
36             ,5.4            ,11.6           ,17             
37             ,5.4            ,11.6           ,17             
38             ,5.4            ,11.6           ,17             
39             ,5.4            ,11.6           ,17             
40             ,5.4            ,11.6           ,17             
41             ,5.4            ,11.6           ,17             
42             ,5.4            ,11.6           ,17             
43             ,5.4            ,11.6           ,17             
44             ,5.4            ,11.6           ,17             
45             ,5.4            ,11.6           ,17             
46             ,5.4            ,11.6           ,17             
47             ,5.4            ,11.6           ,17             
48             ,5.4            ,11.6           ,17             
49             ,5.4            ,11.6           ,17             
50             ,5.4            ,11.6           ,17             
51             ,5.4            ,11.6           ,17             
52             ,5.4            ,11.6           ,17             
53             ,5.4            ,11.6           ,17             
54             ,5.4            ,11.6           ,17             
55             ,5.4            ,11.6           ,17             
56             ,5.4            ,11.6           ,17             
57             ,5.6            ,11.4           ,17             
58             ,6.1            ,10.9           ,17             
59             ,7.5            ,9.5            ,17             
60             ,8.2            ,8.8            ,17             
61             ,8.2            ,8.8            ,17             
62             ,8.2            ,8.8            ,17             
63             ,8.2            ,8.8            ,17             
64             ,8.2            ,8.8            ,17             
65             ,8.2            ,8.8            ,17             
66             ,8.2            ,8.8            ,17             
67             ,8.2            ,8.8            ,17             
68             ,8.2            ,8.8            ,17             
69             ,8.2            ,8.8            ,17             
70             ,8.2            ,8.8            ,17             
71             ,8.2            ,8.8            ,17             
72             ,8.2            ,8.8            ,17             
73             ,8.2            ,8.8            ,17             
74             ,8.2            ,8.8            ,17             
75             ,8.2            ,8.8            ,17             
76             ,8.2            ,8.8            ,17             
77             ,8.2            ,8.8            ,17             
78             ,8.2            ,8.8            ,17             
79             ,8.2            ,8.8            ,17             
80             ,8.2            ,8.8            ,17             
81             ,8.2            ,8.8            ,17             
82             ,8.2            ,8.8            ,17             
83             ,8.2            ,8.8            ,17             
84             ,8.2            ,8.8            ,17             
85             ,8.2            ,8.8            ,17             
86             ,8.3            ,8.7            ,17             
87             ,8.4            ,8.6            ,17             
88             ,10.6           ,6.4            ,17             
89             ,11.1           ,5.9            ,17             
90             ,11.3           ,5.7            ,17             
91             ,11.3           ,5.7            ,17             
92             ,11.3           ,5.7            ,17             
93             ,11.3           ,5.7            ,17             
94             ,11.3           ,5.7            ,17             
95             ,11.3           ,5.7            ,17             
96             ,11.3           ,5.7            ,17             
97             ,11.3           ,5.7            ,17             
98             ,11.3           ,5.7            ,17             
99             ,11.3           ,5.7            ,17             
100            ,11.3           ,5.7            ,17             
101            ,11.3           ,5.7            ,17             
102            ,11.3           ,5.7            ,17             
103            ,11.3           ,5.7            ,17             
104            ,11.3           ,5.7            ,17             
105            ,11.3           ,5.7            ,17             
106            ,11.3           ,5.7            ,17             
107            ,11.3           ,5.7            ,17             
108            ,11.3           ,5.7            ,17             
109            ,11.3           ,5.7            ,17             
110            ,11.3           ,5.7            ,17             
111            ,11.3           ,5.7            ,17             
112            ,11.3           ,5.7            ,17             
113            ,11.3           ,5.7            ,17             
114            ,11.3           ,5.7            ,17             
115            ,11.3           ,5.7            ,17             
116            ,11.3           ,5.7            ,17             
117            ,12.1           ,4.9            ,17             
118            ,13.3           ,3.7            ,17             
119            ,13.8           ,3.2            ,17             
120            ,13.8           ,3.2            ,17             
121            ,13.8           ,3.2            ,17             
122            ,13.8           ,3.2            ,17             
123            ,13.8           ,3.2            ,17             
124            ,13.8           ,3.2            ,17             
125            ,13.8           ,3.2            ,17             
126            ,13.8           ,3.2            ,17             
127            ,13.8           ,3.2            ,17             
128            ,13.8           ,3.2            ,17             
129            ,13.8           ,3.2            ,17             
130            ,13.8           ,3.2            ,17             
131            ,13.8           ,3.2            ,17             
132            ,13.8           ,3.2            ,17             
133            ,13.8           ,3.2            ,17             
134            ,13.8           ,3.2            ,17             
135            ,13.8           ,3.2            ,17             
136            ,13.8           ,3.2            ,17             
137            ,13.8           ,3.2            ,17             
138            ,13.8           ,3.2            ,17             
139            ,13.8           ,3.2            ,17             
140            ,13.8           ,3.2            ,17             
141            ,13.8           ,3.2            ,17             
142            ,13.8           ,3.2            ,17             
143            ,13.8           ,3.2            ,17             
144            ,13.8           ,3.2            ,17             
145            ,14.1           ,2.9            ,17             
146            ,15.0           ,2.0            ,17             
147            ,15.7           ,1.3            ,17             
148            ,16.2           ,0.8            ,17             
149            ,16.4           ,0.6            ,17             
150            ,16.4           ,0.6            ,17             
151            ,16.4           ,0.6            ,17             
152            ,16.4           ,0.6            ,17             
153            ,16.4           ,0.6            ,17             
154            ,16.4           ,0.6            ,17             
155            ,16.4           ,0.6            ,17             
156            ,16.4           ,0.6            ,17             
157            ,16.4           ,0.6            ,17             
158            ,16.4           ,0.6            ,17             
159            ,16.4           ,0.6            ,17             
160            ,16.4           ,0.6            ,17             
161            ,16.4           ,0.6            ,17             
162            ,16.4           ,0.6            ,17             
163            ,16.4           ,0.6            ,17             
164            ,16.4           ,0.6            ,17             
165            ,16.4           ,0.6            ,17             
166            ,16.4           ,0.6            ,17             
167            ,16.4           ,0.6            ,17             
168            ,16.4           ,0.6            ,17             
169            ,16.4           ,0.6            ,17             
170            ,16.4           ,0.6            ,17             
171            ,16.4           ,0.6            ,17             
172            ,16.4           ,0.6            ,17             
173            ,16.4           ,0.6            ,17             
174            ,16.4           ,0.6            ,17             
175            ,16.5           ,0.5            ,17             
176            ,16.8           ,0.2            ,17             
177            ,17.0           ,0.0            ,17             



time,sum ,1   ,2   ,3   ,4   ,5   ,6   ,7   ,8   ,9   ,10  ,11  ,12  ,13  ,14  ,15  ,16  ,17  
-10 ,0   ,0   ,0   ,0   ,0   ,0   ,0   ,0   ,0   ,0   ,0   ,0   ,0   ,0   ,0   ,0   ,0   ,0   
-9  ,0   ,0   ,0   ,0   ,0   ,0   ,0   ,0   ,0   ,0   ,0   ,0   ,0   ,0   ,0   ,0   ,0   ,0   
-8  ,0   ,0   ,0   ,0   ,0   ,0   ,0   ,0   ,0   ,0   ,0   ,0   ,0   ,0   ,0   ,0   ,0   ,0   
-7  ,0   ,0   ,0   ,0   ,0   ,0   ,0   ,0   ,0   ,0   ,0   ,0   ,0   ,0   ,0   ,0   ,0   ,0   
-6  ,0   ,0   ,0   ,0   ,0   ,0   ,0   ,0   ,0   ,0   ,0   ,0   ,0   ,0   ,0   ,0   ,0   ,0   
-5  ,0   ,0   ,0   ,0   ,0   ,0   ,0   ,0   ,0   ,0   ,0   ,0   ,0   ,0   ,0   ,0   ,0   ,0   
-4  ,0   ,0   ,0   ,0   ,0   ,0   ,0   ,0   ,0   ,0   ,0   ,0   ,0   ,0   ,0   ,0   ,0   ,0   
-3  ,0   ,0   ,0   ,0   ,0   ,0   ,0   ,0   ,0   ,0   ,0   ,0   ,0   ,0   ,0   ,0   ,0   ,0   
-2  ,0   ,0   ,0   ,0   ,0   ,0   ,0   ,0   ,0   ,0   ,0   ,0   ,0   ,0   ,0   ,0   ,0   ,0   
-1  ,0   ,0   ,0   ,0   ,0   ,0   ,0   ,0   ,0   ,0   ,0   ,0   ,0   ,0   ,0   ,0   ,0   ,0   
0   ,24.0,0   ,1.0 ,2.0 ,1.0 ,2.0 ,1.0 ,2.0 ,1.0 ,2.0 ,1.0 ,2.0 ,1.0 ,2.0 ,1.0 ,2.0 ,1.0 ,2.0 
1   ,0   ,0   ,0   ,0   ,0   ,0   ,0   ,0   ,0   ,0   ,0   ,0   ,0   ,0   ,0   ,0   ,0   ,0   
2   ,0   ,0   ,0   ,0   ,0   ,0   ,0   ,0   ,0   ,0   ,0   ,0   ,0   ,0   ,0   ,0   ,0   ,0   
3   ,0   ,0   ,0   ,0   ,0   ,0   ,0   ,0   ,0   ,0   ,0   ,0   ,0   ,0   ,0   ,0   ,0   ,0   
4   ,0   ,0   ,0   ,0   ,0   ,0   ,0   ,0   ,0   ,0   ,0   ,0   ,0   ,0   ,0   ,0   ,0   ,0   
5   ,0   ,0   ,0   ,0   ,0   ,0   ,0   ,0   ,0   ,0   ,0   ,0   ,0   ,0   ,0   ,0   ,0   ,0   
6   ,0   ,0   ,0   ,0   ,0   ,0   ,0   ,0   ,0   ,0   ,0   ,0   ,0   ,0   ,0   ,0   ,0   ,0   
7   ,0   ,0   ,0   ,0   ,0   ,0   ,0   ,0   ,0   ,0   ,0   ,0   ,0   ,0   ,0   ,0   ,0   ,0   
8   ,0   ,0   ,0   ,0   ,0   ,0   ,0   ,0   ,0   ,0   ,0   ,0   ,0   ,0   ,0   ,0   ,0   ,0   
9   ,0   ,0   ,0   ,0   ,0   ,0   ,0   ,0   ,0   ,0   ,0   ,0   ,0   ,0   ,0   ,0   ,0   ,0   
10  ,0   ,0   ,0   ,0   ,0   ,0   ,0   ,0   ,0   ,0   ,0   ,0   ,0   ,0   ,0   ,0   ,0   ,0   
11  ,0   ,0   ,0   ,0   ,0   ,0   ,0   ,0   ,0   ,0   ,0   ,0   ,0   ,0   ,0   ,0   ,0   ,0   
12  ,0   ,0   ,0   ,0   ,0   ,0   ,0   ,0   ,0   ,0   ,0   ,0   ,0   ,0   ,0   ,0   ,0   ,0   
13  ,0   ,0   ,0   ,0   ,0   ,0   ,0   ,0   ,0   ,0   ,0   ,0   ,0   ,0   ,0   ,0   ,0   ,0   
14  ,0   ,0   ,0   ,0   ,0   ,0   ,0   ,0   ,0   ,0   ,0   ,0   ,0   ,0   ,0   ,0   ,0   ,0   
15  ,0   ,0   ,0   ,0   ,0   ,0   ,0   ,0   ,0   ,0   ,0   ,0   ,0   ,0   ,0   ,0   ,0   ,0   
16  ,0   ,0   ,0   ,0   ,0   ,0   ,0   ,0   ,0   ,0   ,0   ,0   ,0   ,0   ,0   ,0   ,0   ,0   
17  ,0   ,0   ,0   ,0   ,0   ,0   ,0   ,0   ,0   ,0   ,0   ,0   ,0   ,0   ,0   ,0   ,0   ,0   
18  ,0   ,0   ,0   ,0   ,0   ,0   ,0   ,0   ,0   ,0   ,0   ,0   ,0   ,0   ,0   ,0   ,0   ,0   
19  ,0   ,0   ,0   ,0   ,0   ,0   ,0   ,0   ,0   ,0   ,0   ,0   ,0   ,0   ,0   ,0   ,0   ,0   
20  ,0   ,0   ,0   ,0   ,0   ,0   ,0   ,0   ,0   ,0   ,0   ,0   ,0   ,0   ,0   ,0   ,0   ,0   
21  ,0   ,0   ,0   ,0   ,0   ,0   ,0   ,0   ,0   ,0   ,0   ,0   ,0   ,0   ,0   ,0   ,0   ,0   
22  ,0   ,0   ,0   ,0   ,0   ,0   ,0   ,0   ,0   ,0   ,0   ,0   ,0   ,0   ,0   ,0   ,0   ,0   
23  ,0   ,0   ,0   ,0   ,0   ,0   ,0   ,0   ,0   ,0   ,0   ,0   ,0   ,0   ,0   ,0   ,0   ,0   
24  ,0   ,0   ,0   ,0   ,0   ,0   ,0   ,0   ,0   ,0   ,0   ,0   ,0   ,0   ,0   ,0   ,0   ,0   
25  ,0   ,0   ,0   ,0   ,0   ,0   ,0   ,0   ,0   ,0   ,0   ,0   ,0   ,0   ,0   ,0   ,0   ,0   
26  ,0   ,0   ,0   ,0   ,0   ,0   ,0   ,0   ,0   ,0   ,0   ,0   ,0   ,0   ,0   ,0   ,0   ,0   
27  ,0   ,0   ,0   ,0   ,0   ,0   ,0   ,0   ,0   ,0   ,0   ,0   ,0   ,0   ,0   ,0   ,0   ,0   
28  ,1.3 ,0   ,0   ,0   ,0.1 ,0.2 ,0.1 ,0.2 ,0   ,0   ,0   ,0.3 ,0.1 ,0.2 ,0   ,0.1 ,0   ,0   
29  ,10.2,0   ,0.5 ,1.3 ,0.2 ,0.7 ,0.5 ,1.2 ,0.4 ,1.5 ,0.4 ,0.9 ,0.3 ,0.8 ,0.3 ,1.2 ,0   ,0   
30  ,9.5 ,0   ,0.5 ,0.7 ,0.7 ,1.1 ,0.4 ,0.6 ,0.6 ,0.5 ,0.6 ,0.8 ,0.6 ,1.0 ,0.7 ,0.7 ,0   ,0   
31  ,0   ,0   ,0   ,0   ,0   ,0   ,0   ,0   ,0   ,0   ,0   ,0   ,0   ,0   ,0   ,0   ,0   ,0   
32  ,0   ,0   ,0   ,0   ,0   ,0   ,0   ,0   ,0   ,0   ,0   ,0   ,0   ,0   ,0   ,0   ,0   ,0   
33  ,0   ,0   ,0   ,0   ,0   ,0   ,0   ,0   ,0   ,0   ,0   ,0   ,0   ,0   ,0   ,0   ,0   ,0   
34  ,0   ,0   ,0   ,0   ,0   ,0   ,0   ,0   ,0   ,0   ,0   ,0   ,0   ,0   ,0   ,0   ,0   ,0   
35  ,0   ,0   ,0   ,0   ,0   ,0   ,0   ,0   ,0   ,0   ,0   ,0   ,0   ,0   ,0   ,0   ,0   ,0   
36  ,0   ,0   ,0   ,0   ,0   ,0   ,0   ,0   ,0   ,0   ,0   ,0   ,0   ,0   ,0   ,0   ,0   ,0   
37  ,0   ,0   ,0   ,0   ,0   ,0   ,0   ,0   ,0   ,0   ,0   ,0   ,0   ,0   ,0   ,0   ,0   ,0   
38  ,0   ,0   ,0   ,0   ,0   ,0   ,0   ,0   ,0   ,0   ,0   ,0   ,0   ,0   ,0   ,0   ,0   ,0   
39  ,0   ,0   ,0   ,0   ,0   ,0   ,0   ,0   ,0   ,0   ,0   ,0   ,0   ,0   ,0   ,0   ,0   ,0   
40  ,0   ,0   ,0   ,0   ,0   ,0   ,0   ,0   ,0   ,0   ,0   ,0   ,0   ,0   ,0   ,0   ,0   ,0   
41  ,0   ,0   ,0   ,0   ,0   ,0   ,0   ,0   ,0   ,0   ,0   ,0   ,0   ,0   ,0   ,0   ,0   ,0   
42  ,0   ,0   ,0   ,0   ,0   ,0   ,0   ,0   ,0   ,0   ,0   ,0   ,0   ,0   ,0   ,0   ,0   ,0   
43  ,0   ,0   ,0   ,0   ,0   ,0   ,0   ,0   ,0   ,0   ,0   ,0   ,0   ,0   ,0   ,0   ,0   ,0   
44  ,0   ,0   ,0   ,0   ,0   ,0   ,0   ,0   ,0   ,0   ,0   ,0   ,0   ,0   ,0   ,0   ,0   ,0   
45  ,0   ,0   ,0   ,0   ,0   ,0   ,0   ,0   ,0   ,0   ,0   ,0   ,0   ,0   ,0   ,0   ,0   ,0   
46  ,0   ,0   ,0   ,0   ,0   ,0   ,0   ,0   ,0   ,0   ,0   ,0   ,0   ,0   ,0   ,0   ,0   ,0   
47  ,0   ,0   ,0   ,0   ,0   ,0   ,0   ,0   ,0   ,0   ,0   ,0   ,0   ,0   ,0   ,0   ,0   ,0   
48  ,0   ,0   ,0   ,0   ,0   ,0   ,0   ,0   ,0   ,0   ,0   ,0   ,0   ,0   ,0   ,0   ,0   ,0   
49  ,0   ,0   ,0   ,0   ,0   ,0   ,0   ,0   ,0   ,0   ,0   ,0   ,0   ,0   ,0   ,0   ,0   ,0   
50  ,0   ,0   ,0   ,0   ,0   ,0   ,0   ,0   ,0   ,0   ,0   ,0   ,0   ,0   ,0   ,0   ,0   ,0   
51  ,0   ,0   ,0   ,0   ,0   ,0   ,0   ,0   ,0   ,0   ,0   ,0   ,0   ,0   ,0   ,0   ,0   ,0   
52  ,0   ,0   ,0   ,0   ,0   ,0   ,0   ,0   ,0   ,0   ,0   ,0   ,0   ,0   ,0   ,0   ,0   ,0   
53  ,0   ,0   ,0   ,0   ,0   ,0   ,0   ,0   ,0   ,0   ,0   ,0   ,0   ,0   ,0   ,0   ,0   ,0   
54  ,0   ,0   ,0   ,0   ,0   ,0   ,0   ,0   ,0   ,0   ,0   ,0   ,0   ,0   ,0   ,0   ,0   ,0   
55  ,0   ,0   ,0   ,0   ,0   ,0   ,0   ,0   ,0   ,0   ,0   ,0   ,0   ,0   ,0   ,0   ,0   ,0   
56  ,0   ,0   ,0   ,0   ,0   ,0   ,0   ,0   ,0   ,0   ,0   ,0   ,0   ,0   ,0   ,0   ,0   ,0   
57  ,0.7 ,0   ,0   ,0.1 ,0   ,0.1 ,0   ,0.1 ,0   ,0   ,0   ,0.1 ,0.1 ,0.2 ,0   ,0   ,0   ,0   
58  ,4.1 ,0   ,0.1 ,0.6 ,0.1 ,0.7 ,0.1 ,0.6 ,0.1 ,0.5 ,0.1 ,0.6 ,0.1 ,0.5 ,0   ,0   ,0   ,0   
59  ,9.6 ,0   ,0.6 ,1.2 ,0.6 ,1.0 ,0.9 ,1.1 ,0.7 ,1.2 ,0.5 ,0.8 ,0.5 ,0.5 ,0   ,0   ,0   ,0   
60  ,2.6 ,0   ,0.3 ,0.1 ,0.3 ,0.2 ,0   ,0.2 ,0.2 ,0.3 ,0.4 ,0.5 ,0   ,0.1 ,0   ,0   ,0   ,0   
61  ,0   ,0   ,0   ,0   ,0   ,0   ,0   ,0   ,0   ,0   ,0   ,0   ,0   ,0   ,0   ,0   ,0   ,0   
62  ,0   ,0   ,0   ,0   ,0   ,0   ,0   ,0   ,0   ,0   ,0   ,0   ,0   ,0   ,0   ,0   ,0   ,0   
63  ,0   ,0   ,0   ,0   ,0   ,0   ,0   ,0   ,0   ,0   ,0   ,0   ,0   ,0   ,0   ,0   ,0   ,0   
64  ,0   ,0   ,0   ,0   ,0   ,0   ,0   ,0   ,0   ,0   ,0   ,0   ,0   ,0   ,0   ,0   ,0   ,0   
65  ,0   ,0   ,0   ,0   ,0   ,0   ,0   ,0   ,0   ,0   ,0   ,0   ,0   ,0   ,0   ,0   ,0   ,0   
66  ,0   ,0   ,0   ,0   ,0   ,0   ,0   ,0   ,0   ,0   ,0   ,0   ,0   ,0   ,0   ,0   ,0   ,0   
67  ,0   ,0   ,0   ,0   ,0   ,0   ,0   ,0   ,0   ,0   ,0   ,0   ,0   ,0   ,0   ,0   ,0   ,0   
68  ,0   ,0   ,0   ,0   ,0   ,0   ,0   ,0   ,0   ,0   ,0   ,0   ,0   ,0   ,0   ,0   ,0   ,0   
69  ,0   ,0   ,0   ,0   ,0   ,0   ,0   ,0   ,0   ,0   ,0   ,0   ,0   ,0   ,0   ,0   ,0   ,0   
70  ,0   ,0   ,0   ,0   ,0   ,0   ,0   ,0   ,0   ,0   ,0   ,0   ,0   ,0   ,0   ,0   ,0   ,0   
71  ,0   ,0   ,0   ,0   ,0   ,0   ,0   ,0   ,0   ,0   ,0   ,0   ,0   ,0   ,0   ,0   ,0   ,0   
72  ,0   ,0   ,0   ,0   ,0   ,0   ,0   ,0   ,0   ,0   ,0   ,0   ,0   ,0   ,0   ,0   ,0   ,0   
73  ,0   ,0   ,0   ,0   ,0   ,0   ,0   ,0   ,0   ,0   ,0   ,0   ,0   ,0   ,0   ,0   ,0   ,0   
74  ,0   ,0   ,0   ,0   ,0   ,0   ,0   ,0   ,0   ,0   ,0   ,0   ,0   ,0   ,0   ,0   ,0   ,0   
75  ,0   ,0   ,0   ,0   ,0   ,0   ,0   ,0   ,0   ,0   ,0   ,0   ,0   ,0   ,0   ,0   ,0   ,0   
76  ,0   ,0   ,0   ,0   ,0   ,0   ,0   ,0   ,0   ,0   ,0   ,0   ,0   ,0   ,0   ,0   ,0   ,0   
77  ,0   ,0   ,0   ,0   ,0   ,0   ,0   ,0   ,0   ,0   ,0   ,0   ,0   ,0   ,0   ,0   ,0   ,0   
78  ,0   ,0   ,0   ,0   ,0   ,0   ,0   ,0   ,0   ,0   ,0   ,0   ,0   ,0   ,0   ,0   ,0   ,0   
79  ,0   ,0   ,0   ,0   ,0   ,0   ,0   ,0   ,0   ,0   ,0   ,0   ,0   ,0   ,0   ,0   ,0   ,0   
80  ,0   ,0   ,0   ,0   ,0   ,0   ,0   ,0   ,0   ,0   ,0   ,0   ,0   ,0   ,0   ,0   ,0   ,0   
81  ,0   ,0   ,0   ,0   ,0   ,0   ,0   ,0   ,0   ,0   ,0   ,0   ,0   ,0   ,0   ,0   ,0   ,0   
82  ,0   ,0   ,0   ,0   ,0   ,0   ,0   ,0   ,0   ,0   ,0   ,0   ,0   ,0   ,0   ,0   ,0   ,0   
83  ,0   ,0   ,0   ,0   ,0   ,0   ,0   ,0   ,0   ,0   ,0   ,0   ,0   ,0   ,0   ,0   ,0   ,0   
84  ,0   ,0   ,0   ,0   ,0   ,0   ,0   ,0   ,0   ,0   ,0   ,0   ,0   ,0   ,0   ,0   ,0   ,0   
85  ,0   ,0   ,0   ,0   ,0   ,0   ,0   ,0   ,0   ,0   ,0   ,0   ,0   ,0   ,0   ,0   ,0   ,0   
86  ,0.3 ,0   ,0   ,0   ,0   ,0   ,0   ,0.1 ,0   ,0.1 ,0   ,0.1 ,0   ,0   ,0   ,0   ,0   ,0   
87  ,2.2 ,0   ,0   ,0.6 ,0.2 ,0.6 ,0.1 ,0.4 ,0   ,0.1 ,0   ,0.2 ,0   ,0   ,0   ,0   ,0   ,0   
88  ,6.4 ,0   ,0.5 ,0.8 ,0.3 ,0.7 ,0.5 ,1.0 ,0.8 ,1.2 ,0.2 ,0.4 ,0   ,0   ,0   ,0   ,0   ,0   
89  ,3.7 ,0   ,0.5 ,0.6 ,0.5 ,0.7 ,0.4 ,0.5 ,0.1 ,0.4 ,0   ,0   ,0   ,0   ,0   ,0   ,0   ,0   
90  ,0.2 ,0   ,0   ,0   ,0   ,0   ,0   ,0   ,0.1 ,0   ,0.1 ,0   ,0   ,0   ,0   ,0   ,0   ,0   
91  ,0   ,0   ,0   ,0   ,0   ,0   ,0   ,0   ,0   ,0   ,0   ,0   ,0   ,0   ,0   ,0   ,0   ,0   
92  ,0   ,0   ,0   ,0   ,0   ,0   ,0   ,0   ,0   ,0   ,0   ,0   ,0   ,0   ,0   ,0   ,0   ,0   
93  ,0   ,0   ,0   ,0   ,0   ,0   ,0   ,0   ,0   ,0   ,0   ,0   ,0   ,0   ,0   ,0   ,0   ,0   
94  ,0   ,0   ,0   ,0   ,0   ,0   ,0   ,0   ,0   ,0   ,0   ,0   ,0   ,0   ,0   ,0   ,0   ,0   
95  ,0   ,0   ,0   ,0   ,0   ,0   ,0   ,0   ,0   ,0   ,0   ,0   ,0   ,0   ,0   ,0   ,0   ,0   
96  ,0   ,0   ,0   ,0   ,0   ,0   ,0   ,0   ,0   ,0   ,0   ,0   ,0   ,0   ,0   ,0   ,0   ,0   
97  ,0   ,0   ,0   ,0   ,0   ,0   ,0   ,0   ,0   ,0   ,0   ,0   ,0   ,0   ,0   ,0   ,0   ,0   
98  ,0   ,0   ,0   ,0   ,0   ,0   ,0   ,0   ,0   ,0   ,0   ,0   ,0   ,0   ,0   ,0   ,0   ,0   
99  ,0   ,0   ,0   ,0   ,0   ,0   ,0   ,0   ,0   ,0   ,0   ,0   ,0   ,0   ,0   ,0   ,0   ,0   
100 ,0   ,0   ,0   ,0   ,0   ,0   ,0   ,0   ,0   ,0   ,0   ,0   ,0   ,0   ,0   ,0   ,0   ,0   
101 ,0   ,0   ,0   ,0   ,0   ,0   ,0   ,0   ,0   ,0   ,0   ,0   ,0   ,0   ,0   ,0   ,0   ,0   
102 ,0   ,0   ,0   ,0   ,0   ,0   ,0   ,0   ,0   ,0   ,0   ,0   ,0   ,0   ,0   ,0   ,0   ,0   
103 ,0   ,0   ,0   ,0   ,0   ,0   ,0   ,0   ,0   ,0   ,0   ,0   ,0   ,0   ,0   ,0   ,0   ,0   
104 ,0   ,0   ,0   ,0   ,0   ,0   ,0   ,0   ,0   ,0   ,0   ,0   ,0   ,0   ,0   ,0   ,0   ,0   
105 ,0   ,0   ,0   ,0   ,0   ,0   ,0   ,0   ,0   ,0   ,0   ,0   ,0   ,0   ,0   ,0   ,0   ,0   
106 ,0   ,0   ,0   ,0   ,0   ,0   ,0   ,0   ,0   ,0   ,0   ,0   ,0   ,0   ,0   ,0   ,0   ,0   
107 ,0   ,0   ,0   ,0   ,0   ,0   ,0   ,0   ,0   ,0   ,0   ,0   ,0   ,0   ,0   ,0   ,0   ,0   
108 ,0   ,0   ,0   ,0   ,0   ,0   ,0   ,0   ,0   ,0   ,0   ,0   ,0   ,0   ,0   ,0   ,0   ,0   
109 ,0   ,0   ,0   ,0   ,0   ,0   ,0   ,0   ,0   ,0   ,0   ,0   ,0   ,0   ,0   ,0   ,0   ,0   
110 ,0   ,0   ,0   ,0   ,0   ,0   ,0   ,0   ,0   ,0   ,0   ,0   ,0   ,0   ,0   ,0   ,0   ,0   
111 ,0   ,0   ,0   ,0   ,0   ,0   ,0   ,0   ,0   ,0   ,0   ,0   ,0   ,0   ,0   ,0   ,0   ,0   
112 ,0   ,0   ,0   ,0   ,0   ,0   ,0   ,0   ,0   ,0   ,0   ,0   ,0   ,0   ,0   ,0   ,0   ,0   
113 ,0   ,0   ,0   ,0   ,0   ,0   ,0   ,0   ,0   ,0   ,0   ,0   ,0   ,0   ,0   ,0   ,0   ,0   
114 ,0   ,0   ,0   ,0   ,0   ,0   ,0   ,0   ,0   ,0   ,0   ,0   ,0   ,0   ,0   ,0   ,0   ,0   
115 ,0.1 ,0   ,0   ,0   ,0   ,0   ,0   ,0.1 ,0   ,0   ,0   ,0   ,0   ,0   ,0   ,0   ,0   ,0   
116 ,1.5 ,0   ,0.1 ,0.6 ,0.2 ,0.5 ,0   ,0.1 ,0   ,0   ,0   ,0   ,0   ,0   ,0   ,0   ,0   ,0   
117 ,2.2 ,0   ,0.2 ,0.6 ,0.1 ,0.4 ,0.1 ,0.6 ,0   ,0.2 ,0   ,0   ,0   ,0   ,0   ,0   ,0   ,0   
118 ,3.1 ,0   ,0.4 ,0.6 ,0.4 ,0.7 ,0.3 ,0.5 ,0.1 ,0.1 ,0   ,0   ,0   ,0   ,0   ,0   ,0   ,0   
119 ,1.3 ,0   ,0.3 ,0.2 ,0.2 ,0.3 ,0.3 ,0   ,0   ,0   ,0   ,0   ,0   ,0   ,0   ,0   ,0   ,0   
120 ,0   ,0   ,0   ,0   ,0   ,0   ,0   ,0   ,0   ,0   ,0   ,0   ,0   ,0   ,0   ,0   ,0   ,0   
121 ,0   ,0   ,0   ,0   ,0   ,0   ,0   ,0   ,0   ,0   ,0   ,0   ,0   ,0   ,0   ,0   ,0   ,0   
122 ,0   ,0   ,0   ,0   ,0   ,0   ,0   ,0   ,0   ,0   ,0   ,0   ,0   ,0   ,0   ,0   ,0   ,0   
123 ,0   ,0   ,0   ,0   ,0   ,0   ,0   ,0   ,0   ,0   ,0   ,0   ,0   ,0   ,0   ,0   ,0   ,0   
124 ,0   ,0   ,0   ,0   ,0   ,0   ,0   ,0   ,0   ,0   ,0   ,0   ,0   ,0   ,0   ,0   ,0   ,0   
125 ,0   ,0   ,0   ,0   ,0   ,0   ,0   ,0   ,0   ,0   ,0   ,0   ,0   ,0   ,0   ,0   ,0   ,0   
126 ,0   ,0   ,0   ,0   ,0   ,0   ,0   ,0   ,0   ,0   ,0   ,0   ,0   ,0   ,0   ,0   ,0   ,0   
127 ,0   ,0   ,0   ,0   ,0   ,0   ,0   ,0   ,0   ,0   ,0   ,0   ,0   ,0   ,0   ,0   ,0   ,0   
128 ,0   ,0   ,0   ,0   ,0   ,0   ,0   ,0   ,0   ,0   ,0   ,0   ,0   ,0   ,0   ,0   ,0   ,0   
129 ,0   ,0   ,0   ,0   ,0   ,0   ,0   ,0   ,0   ,0   ,0   ,0   ,0   ,0   ,0   ,0   ,0   ,0   
130 ,0   ,0   ,0   ,0   ,0   ,0   ,0   ,0   ,0   ,0   ,0   ,0   ,0   ,0   ,0   ,0   ,0   ,0   
131 ,0   ,0   ,0   ,0   ,0   ,0   ,0   ,0   ,0   ,0   ,0   ,0   ,0   ,0   ,0   ,0   ,0   ,0   
132 ,0   ,0   ,0   ,0   ,0   ,0   ,0   ,0   ,0   ,0   ,0   ,0   ,0   ,0   ,0   ,0   ,0   ,0   
133 ,0   ,0   ,0   ,0   ,0   ,0   ,0   ,0   ,0   ,0   ,0   ,0   ,0   ,0   ,0   ,0   ,0   ,0   
134 ,0   ,0   ,0   ,0   ,0   ,0   ,0   ,0   ,0   ,0   ,0   ,0   ,0   ,0   ,0   ,0   ,0   ,0   
135 ,0   ,0   ,0   ,0   ,0   ,0   ,0   ,0   ,0   ,0   ,0   ,0   ,0   ,0   ,0   ,0   ,0   ,0   
136 ,0   ,0   ,0   ,0   ,0   ,0   ,0   ,0   ,0   ,0   ,0   ,0   ,0   ,0   ,0   ,0   ,0   ,0   
137 ,0   ,0   ,0   ,0   ,0   ,0   ,0   ,0   ,0   ,0   ,0   ,0   ,0   ,0   ,0   ,0   ,0   ,0   
138 ,0   ,0   ,0   ,0   ,0   ,0   ,0   ,0   ,0   ,0   ,0   ,0   ,0   ,0   ,0   ,0   ,0   ,0   
139 ,0   ,0   ,0   ,0   ,0   ,0   ,0   ,0   ,0   ,0   ,0   ,0   ,0   ,0   ,0   ,0   ,0   ,0   
140 ,0   ,0   ,0   ,0   ,0   ,0   ,0   ,0   ,0   ,0   ,0   ,0   ,0   ,0   ,0   ,0   ,0   ,0   
141 ,0   ,0   ,0   ,0   ,0   ,0   ,0   ,0   ,0   ,0   ,0   ,0   ,0   ,0   ,0   ,0   ,0   ,0   
142 ,0   ,0   ,0   ,0   ,0   ,0   ,0   ,0   ,0   ,0   ,0   ,0   ,0   ,0   ,0   ,0   ,0   ,0   
143 ,0   ,0   ,0   ,0   ,0   ,0   ,0   ,0   ,0   ,0   ,0   ,0   ,0   ,0   ,0   ,0   ,0   ,0   
144 ,0   ,0   ,0   ,0   ,0   ,0   ,0   ,0   ,0   ,0   ,0   ,0   ,0   ,0   ,0   ,0   ,0   ,0   
145 ,0.6 ,0   ,0   ,0.4 ,0   ,0.1 ,0   ,0.1 ,0   ,0   ,0   ,0   ,0   ,0   ,0   ,0   ,0   ,0   
146 ,1.6 ,0   ,0.1 ,0.7 ,0.3 ,0.5 ,0   ,0   ,0   ,0   ,0   ,0   ,0   ,0   ,0   ,0   ,0   ,0   
147 ,1.4 ,0   ,0.4 ,0.6 ,0   ,0.2 ,0.1 ,0.1 ,0   ,0   ,0   ,0   ,0   ,0   ,0   ,0   ,0   ,0   
148 ,0.8 ,0   ,0.3 ,0.1 ,0.2 ,0.2 ,0   ,0   ,0   ,0   ,0   ,0   ,0   ,0   ,0   ,0   ,0   ,0   
149 ,0.2 ,0   ,0.1 ,0.1 ,0   ,0   ,0   ,0   ,0   ,0   ,0   ,0   ,0   ,0   ,0   ,0   ,0   ,0   
150 ,0   ,0   ,0   ,0   ,0   ,0   ,0   ,0   ,0   ,0   ,0   ,0   ,0   ,0   ,0   ,0   ,0   ,0   
151 ,0   ,0   ,0   ,0   ,0   ,0   ,0   ,0   ,0   ,0   ,0   ,0   ,0   ,0   ,0   ,0   ,0   ,0   
152 ,0   ,0   ,0   ,0   ,0   ,0   ,0   ,0   ,0   ,0   ,0   ,0   ,0   ,0   ,0   ,0   ,0   ,0   
153 ,0   ,0   ,0   ,0   ,0   ,0   ,0   ,0   ,0   ,0   ,0   ,0   ,0   ,0   ,0   ,0   ,0   ,0   
154 ,0   ,0   ,0   ,0   ,0   ,0   ,0   ,0   ,0   ,0   ,0   ,0   ,0   ,0   ,0   ,0   ,0   ,0   
155 ,0   ,0   ,0   ,0   ,0   ,0   ,0   ,0   ,0   ,0   ,0   ,0   ,0   ,0   ,0   ,0   ,0   ,0   
156 ,0   ,0   ,0   ,0   ,0   ,0   ,0   ,0   ,0   ,0   ,0   ,0   ,0   ,0   ,0   ,0   ,0   ,0   
157 ,0   ,0   ,0   ,0   ,0   ,0   ,0   ,0   ,0   ,0   ,0   ,0   ,0   ,0   ,0   ,0   ,0   ,0   
158 ,0   ,0   ,0   ,0   ,0   ,0   ,0   ,0   ,0   ,0   ,0   ,0   ,0   ,0   ,0   ,0   ,0   ,0   
159 ,0   ,0   ,0   ,0   ,0   ,0   ,0   ,0   ,0   ,0   ,0   ,0   ,0   ,0   ,0   ,0   ,0   ,0   
160 ,0   ,0   ,0   ,0   ,0   ,0   ,0   ,0   ,0   ,0   ,0   ,0   ,0   ,0   ,0   ,0   ,0   ,0   
161 ,0   ,0   ,0   ,0   ,0   ,0   ,0   ,0   ,0   ,0   ,0   ,0   ,0   ,0   ,0   ,0   ,0   ,0   
162 ,0   ,0   ,0   ,0   ,0   ,0   ,0   ,0   ,0   ,0   ,0   ,0   ,0   ,0   ,0   ,0   ,0   ,0   
163 ,0   ,0   ,0   ,0   ,0   ,0   ,0   ,0   ,0   ,0   ,0   ,0   ,0   ,0   ,0   ,0   ,0   ,0   
164 ,0   ,0   ,0   ,0   ,0   ,0   ,0   ,0   ,0   ,0   ,0   ,0   ,0   ,0   ,0   ,0   ,0   ,0   
165 ,0   ,0   ,0   ,0   ,0   ,0   ,0   ,0   ,0   ,0   ,0   ,0   ,0   ,0   ,0   ,0   ,0   ,0   
166 ,0   ,0   ,0   ,0   ,0   ,0   ,0   ,0   ,0   ,0   ,0   ,0   ,0   ,0   ,0   ,0   ,0   ,0   
167 ,0   ,0   ,0   ,0   ,0   ,0   ,0   ,0   ,0   ,0   ,0   ,0   ,0   ,0   ,0   ,0   ,0   ,0   
168 ,0   ,0   ,0   ,0   ,0   ,0   ,0   ,0   ,0   ,0   ,0   ,0   ,0   ,0   ,0   ,0   ,0   ,0   
169 ,0   ,0   ,0   ,0   ,0   ,0   ,0   ,0   ,0   ,0   ,0   ,0   ,0   ,0   ,0   ,0   ,0   ,0   
170 ,0   ,0   ,0   ,0   ,0   ,0   ,0   ,0   ,0   ,0   ,0   ,0   ,0   ,0   ,0   ,0   ,0   ,0   
171 ,0   ,0   ,0   ,0   ,0   ,0   ,0   ,0   ,0   ,0   ,0   ,0   ,0   ,0   ,0   ,0   ,0   ,0   
172 ,0   ,0   ,0   ,0   ,0   ,0   ,0   ,0   ,0   ,0   ,0   ,0   ,0   ,0   ,0   ,0   ,0   ,0   
173 ,0.1 ,0   ,0   ,0.1 ,0   ,0   ,0   ,0   ,0   ,0   ,0   ,0   ,0   ,0   ,0   ,0   ,0   ,0   
174 ,0   ,0   ,0   ,0   ,0   ,0   ,0   ,0   ,0   ,0   ,0   ,0   ,0   ,0   ,0   ,0   ,0   ,0   
175 ,0.2 ,0   ,0   ,0.2 ,0   ,0   ,0   ,0   ,0   ,0   ,0   ,0   ,0   ,0   ,0   ,0   ,0   ,0   
176 ,0.3 ,0   ,0.1 ,0.2 ,0   ,0   ,0   ,0   ,0   ,0   ,0   ,0   ,0   ,0   ,0   ,0   ,0   ,0   
177 ,0.3 ,0   ,0.2 ,0.1 ,0   ,0   ,0   ,0   ,0   ,0   ,0   ,0   ,0   ,0   ,0   ,0   ,0   ,0   
Error in counting updates



tim            ,sum            
-10 ,0   
-9  ,0   
-8  ,0   
-7  ,0   
-6  ,0   
-5  ,0   
-4  ,0   
-3  ,0   
-2  ,0   
-1  ,0   
0   ,24.0
1   ,24.0
2   ,24.0
3   ,24.0
4   ,24.0
5   ,24.0
6   ,24.0
7   ,24.0
8   ,24.0
9   ,24.0
10  ,24.0
11  ,24.0
12  ,24.0
13  ,24.0
14  ,24.0
15  ,24.0
16  ,24.0
17  ,24.0
18  ,24.0
19  ,24.0
20  ,24.0
21  ,24.0
22  ,24.0
23  ,24.0
24  ,24.0
25  ,24.0
26  ,24.0
27  ,24.0
28  ,25.3
29  ,35.5
30  ,45.0
31  ,45.0
32  ,45.0
33  ,45.0
34  ,45.0
35  ,45.0
36  ,45.0
37  ,45.0
38  ,45.0
39  ,45.0
40  ,45.0
41  ,45.0
42  ,45.0
43  ,45.0
44  ,45.0
45  ,45.0
46  ,45.0
47  ,45.0
48  ,45.0
49  ,45.0
50  ,45.0
51  ,45.0
52  ,45.0
53  ,45.0
54  ,45.0
55  ,45.0
56  ,45.0
57  ,45.7
58  ,49.8
59  ,59.4
60  ,62.0
61  ,62.0
62  ,62.0
63  ,62.0
64  ,62.0
65  ,62.0
66  ,62.0
67  ,62.0
68  ,62.0
69  ,62.0
70  ,62.0
71  ,62.0
72  ,62.0
73  ,62.0
74  ,62.0
75  ,62.0
76  ,62.0
77  ,62.0
78  ,62.0
79  ,62.0
80  ,62.0
81  ,62.0
82  ,62.0
83  ,62.0
84  ,62.0
85  ,62.0
86  ,62.3
87  ,64.5
88  ,70.9
89  ,74.6
90  ,74.8
91  ,74.8
92  ,74.8
93  ,74.8
94  ,74.8
95  ,74.8
96  ,74.8
97  ,74.8
98  ,74.8
99  ,74.8
100 ,74.8
101 ,74.8
102 ,74.8
103 ,74.8
104 ,74.8
105 ,74.8
106 ,74.8
107 ,74.8
108 ,74.8
109 ,74.8
110 ,74.8
111 ,74.8
112 ,74.8
113 ,74.8
114 ,74.8
115 ,74.9
116 ,76.4
117 ,78.6
118 ,81.7
119 ,83.0
120 ,83.0
121 ,83.0
122 ,83.0
123 ,83.0
124 ,83.0
125 ,83.0
126 ,83.0
127 ,83.0
128 ,83.0
129 ,83.0
130 ,83.0
131 ,83.0
132 ,83.0
133 ,83.0
134 ,83.0
135 ,83.0
136 ,83.0
137 ,83.0
138 ,83.0
139 ,83.0
140 ,83.0
141 ,83.0
142 ,83.0
143 ,83.0
144 ,83.0
145 ,83.6
146 ,85.2
147 ,86.6
148 ,87.4
149 ,87.6
150 ,87.6
151 ,87.6
152 ,87.6
153 ,87.6
154 ,87.6
155 ,87.6
156 ,87.6
157 ,87.6
158 ,87.6
159 ,87.6
160 ,87.6
161 ,87.6
162 ,87.6
163 ,87.6
164 ,87.6
165 ,87.6
166 ,87.6
167 ,87.6
168 ,87.6
169 ,87.6
170 ,87.6
171 ,87.6
172 ,87.6
173 ,87.7
174 ,87.7
175 ,87.9
176 ,88.2
177 ,88.5
